0.0 0.0023794467925755338 239
99380.82806974121 -9.351876085355133e+18 93105822409474.05 27805001328.624424
376203.0926260334 2.228052635089434e+17 -95324036926695.12 26878054255.3932
634568.2756736452 3.3371230292934054e+17 -94209995627930.9 25046244307.334076
874916.1108950651 4.8020477946176826e+17 -92346064182618.11 23269595732.747536
1097905.2207013895 5.79883518035327e+17 -88557606159700.23 21573621672.07584
1304483.3484838423 6.231054951208573e+17 -83214687405293.88 19982722329.648754
1495794.965924906 6.221936240246565e+17 -77002067654011.73 18511061858.084656
1673069.8486126023 5.953342753901966e+17 -70540197302521.36 17162833985.846495
1837535.9724448123 5.532166055584717e+17 -64193824974144.73 15935286061.956686
1990368.303080355 5.061473950529769e+17 -58217472841659.664 14821581164.625156
2132658.681759166 4.5652285450597664e+17 -52684293973169.01 13812879194.074572
2265406.0528257447 4.101917646377881e+17 -47677958387073.82 12899595978.239407
2389511.420469978 3.653211107535213e+17 -43147427792223.445 12072220506.712532
2505784.3487584786 3.262297331062648e+17 -39121160016501.35 11321712968.799444
2614945.8439852134 2.886780710854526e+17 -35499409079952.55 10639751145.65545
2717639.760786359 2.571532805692047e+17 -32311519238894.0 10018738268.391562
2814435.8409590884 2.263208693444997e+17 -29444378524885.953 9451827559.428167
2905841.60823622 2.0102313331163357e+17 -26939302861627.75 8932838245.50425
2992303.7347821943 1.7516770083585587e+17 -24680535181008.08 8456206771.751714
3074218.96455756 1.5410542330211536e+17 -22726900065360.56 8016862895.643509
3151933.0126362257 1.3087833372106982e+17 -20961405174146.37 7610156188.369507
3225750.025088227 1.110698095609733e+17 -19461190275954.816 7231696739.40826
3295928.3064560075 8.662696516529078e+16 -18112047389729.285 6877218908.813363
3362687.066715137 6.2559633122897784e+16 -17009992199577.326 6542336552.436169
3426197.274871438 2.8075237980833356e+16 -16043836961943.484 6222241398.047725
3486582.400080956 -1.5620555990893632e+16 -15329295741107.867 5911129866.5961275
3543897.85229043 -8.921697877375256e+16 -14752097036983.81 5601252828.7277975
3598112.802404981 -2.127610869293162e+17 -14410341480889.447 5280984416.430704
3649051.1697073122 7.872400123794691e+16 -19430537899310.312 4930784289.723776
3696293.0439369064 3.721326815279354e+18 -54911960536355.305 4567298563.084539
3739993.7966250223 -2.3524583857259715e+18 42606649798648.72 4580469450.621034
3787497.925466366 -1.900361452757737e+16 -4045572090606.129 4729320983.7126875
3834162.5635351087 -1136513208667864.8 -4412651197552.911 4643115963.4078045
3879950.204852868 8639940110674490.0 -4521298993376.994 4554914677.082205
3924858.606370577 1.4153612315156176e+16 -4490174356799.116 4467457121.698184
3968904.820076244 1.7080389838777284e+16 -4378401737401.2646 4382258836.701925
4012116.779870378 1.834843712099794e+16 -4220976516567.3613 4300156429.646959
4054528.1960101062 1.8800955344281236e+16 -4042807534053.593 4221565686.6857686
4096175.2814003476 1.8601826240726388e+16 -3853645651216.483 4146657148.268702
4137095.1420465778 1.81500154486809e+16 -3663950607182.919 4075455930.030442
4177324.4909484135 1.7313172933535878e+16 -3474920405161.5415 4007897511.5661025
4216899.149401117 1.6480057530497352e+16 -3294258783487.3403 3943854163.0597396
4255853.28708798 1.5399917954394264e+16 -3119432194858.4844 3883160360.2261567
4294219.429436235 1.451482094506505e+16 -2957301121122.19 3825626463.4585543
4332027.970084369 1.3370878169534812e+16 -2801404907269.9595 3771057680.7939014
4369307.555822698 1.2521502789025038e+16 -2659830276731.181 3719252896.1702166
4406084.575729302 1.1400561333555742e+16 -2524008225683.265 3670014534.2117906
4442383.742535132 1.0640297747794056e+16 -2402936945980.882 3623147299.4070706
4478227.556654849 9555644088893902.0 -2286205155111.616 3578464728.9018044
4513637.018029108 8907099324964946.0 -2184613839475.0366 3535783956.645981
4548630.985900718 7892381630080360.0 -2085833773849.8916 3494933190.0291815
4583227.039529365 7367857212419902.0 -2002036367579.1594 3455747568.412269
4617440.7555041425 6433586218417647.0 -1919381671628.0557 3418074523.908522
4651286.67520048 6057549063748087.0 -1851586121445.1248 3381769462.414581
4684777.496094706 5234932102306089.0 -1783088259599.8457 3346702507.7117743
4717925.173507419 5032033191434640.0 -1728950060591.9807 3312754850.5991898
4750740.0392231345 4361149333829500.5 -1672172706279.571 3279824843.1371293
4783232.024580325 4395093849674476.5 -1629091728769.2332 3247825876.994549
4815409.736845382 3992124342683050.5 -1581322956950.7964 3216694819.4852066
4847281.850278387 4470677451375692.0 -1546342388736.5952 3186395093.2814775
4878856.243829373 4455087763553348.5 -1501677811519.002 3156934190.1419907
4910141.740931989 4210364339969835.0 -1454887223004.5872 3128357998.4621954
4941147.134251707 4052130764286136.0 -1411394142257.9111 3100640716.3094597
4971880.733462128 3747734882124054.5 -1368021241188.201 3073742403.0550046
5002350.535943361 3550174021614139.5 -1328742490976.6042 3047617203.405408
5032563.93831268 3217522590839812.5 -1290085685249.4004 3022215363.992547
5062527.947276621 2997927046403133.5 -1255866272183.8088 2997484330.7912064
5092248.91301307 2656594158834268.0 -1222621120135.8542 2973369365.7239456
5121732.7523010075 2450310327747891.5 -1194118752559.8953 2949814870.2174315
5150984.70825684 2124289159185441.2 -1166478028400.791 2926766565.139865
5180009.616870374 1943035695377552.5 -1143524404972.1396 2904171689.039214
5208811.670688413 1629340771245571.0 -1121056746251.223 2881979961.4443197
5237394.704531677 1469471306447580.0 -1103243647684.7112 2860142323.6470227
5265761.934105245 1189049146843094.2 -1085821980759.4115 2838611836.4962583
5293916.259592079 1073692203983012.6 -1072835516799.806 2817344858.7986574
5321860.027727401 833220472694223.2 -1059751905248.7684 2796302161.3902173
5349595.357575275 761310341465824.5 -1050740565866.4966 2775448474.946894
5377123.893599126 570159556905935.8 -1041258011174.5388 2754752836.542047
5404447.138338859 549902089015748.6 -1035379911191.5432 2734189171.883872
5431566.217074722 406307610787257.1 -1028475567331.2828 2713736526.432437
5458482.215106347 435403813055847.75 -1024720109272.1951 2693378659.373545
5485195.934331942 342867835652348.75 -1019464022907.8292 2673104221.7713437
5511708.234074664 416040696709084.9 -1016778981726.7473 2652906925.549157
5538019.791026497 359213718470452.6 -1012071184770.759 2632784851.4574294
5564131.426295098 480842189930034.2 -1009705823038.6755 2612739619.6810412
5590043.848833067 479223798544021.7 -1004902520600.4412 2592777653.26858
5615758.007641804 660000761864032.5 -1001931230370.9752 2572910847.479505
5641274.848528614 715637502224553.8 -995914276260.0171 2553156960.302952
5666595.674086447 959321966410010.8 -991215585286.8296 2533539424.790074
5691721.8967142245 1077433000045715.1 -982840620199.5272 2514087909.310294
5716655.409752232 1368738199906793.5 -975014054204.9608 2494838274.612275
5741398.339647453 1512202812808220.5 -962815421122.7428 2475831101.5565753
5765953.387773634 1815973227218103.8 -950784456292.6068 2457109484.0210223
5790323.538649635 1930127544374461.5 -933841412162.5327 2438717751.4209986
5814512.376322719 2200667167852355.0 -917318813186.009 2420697327.969488
5838523.710137779 2278944670173487.5 -896188632088.7487 2403086344.082155
5862361.88338304 2490883943028132.5 -875609848143.5867 2385919374.1065307
5886031.393837039 2507680094631837.0 -850978215257.178 2369225183.9915967
5909537.157566622 2672598588493394.5 -827654045480.0776 2353026445.7264066
5932884.123787911 2640351345510379.0 -800725021471.2003 2337341170.655128
5956077.567204028 2762978973711417.0 -775658956099.8972 2322182508.997736
5979122.698874184 2684380199981790.0 -747368650422.0468 2307559419.152822
6002024.971878343 2763508015383081.5 -721431163265.812 2293476265.209198
6024789.684172093 2641335527693778.0 -692701777418.8113 2279933099.6048584
6047422.289879528 2678224296381846.5 -666772310945.4009 2266925655.8019843
6069928.0020022625 2490912736499155.0 -638243482065.9469 2254445480.5776067
6092312.106346447 2471914918680962.0 -613255203329.022 2242477664.1997347
6114579.519035755 2231167303988853.5 -586248357452.9806 2231001757.5229683
6136735.118699321 2169828141426629.0 -563424519968.49 2219992014.882346
6158783.308821153 1898728921145101.0 -539123027157.9846 2209418493.788096
6180728.371824853 1813268493584150.0 -519368746900.0793 2199248243.3346233
6202574.055086257 1522040818917762.0 -498416710676.1125 2189445921.7446237
6224323.9373145 1427508202192108.2 -482322357218.335 2179974192.1318192
6245981.022444964 1120224766274427.6 -465051041740.9927 2170794818.385102
6267548.127841245 1022639719374991.8 -452926716829.16016 2161867972.964994
6289027.4644051595 719110000046805.9 -439723580354.9501 2153153525.7786927
6310421.05044239 642452085018916.9 -431801038877.3085 2144611718.797414
6331730.305205263 366885772541454.75 -422661390628.5726 2136204868.2653284
6352956.496652249 328356605697180.4 -418625142606.8932 2127898062.126948
6374100.348877695 104055212494548.92 -413122965607.4106 2119660167.6039283
6395162.509933883 119137759546653.64 -412237167601.4819 2111465133.2370577
6416143.185186616 -59814745363784.59 -409269427335.12616 2103292221.4978087
6437042.609768963 7364892157983.388 -410533763640.7281 2095125189.7866814
6457860.665629144 -139948138230204.08 -408993814324.0107 2086952959.3071487
6478597.367302682 -37571142149594.42 -411406365636.1261 2078767587.3305752
6499252.438584656 -155328291589671.84 -410608046230.8735 2070564619.8495398
6519825.805323781 -30659929353148.99 -413395649326.60126 2062342532.4011414
6540317.160960506 -129710567143165.77 -412714762080.4502 2054102010.016749
6560726.444983675 17540649862947.738 -415472150486.13416 2045845591.8953936
6581053.401393479 -60481234086419.39 -414520744776.62476 2037578055.6223886
6601298.064808554 108077617875889.52 -416801032216.50525 2029306263.1286526
6621460.315861721 44728167417787.766 -415094331011.85583 2021039188.3330812
6641540.367857496 227870355401196.2 -416472359452.39294 2012787259.4691024
6661538.309072438 163001297044063.25 -413557891422.58606 2004562350.2534363
6681454.589236812 342558948172287.06 -413722723906.31036 1996376183.7810373
6701289.530053793 246728642411152.1 -409358188742.4563 1988240127.8517396
6721043.807605739 406552777832854.5 -408492981000.13477 1980162481.4225671
6740717.908842072 280558099050273.6 -403191021428.8203 1972149587.4874356
6760312.63614487 412270691174036.56 -401709138734.1332 1964204799.1827147
6779828.543230162 266773214995935.4 -396156085693.11115 1956328683.2613187
6799266.443765034 381866002463362.44 -394645978970.194 1948519873.3815844
6818626.864259346 216121571650710.53 -389194054748.2651 1940775355.866154
6837910.558372778 318893365953700.0 -388065562011.22925 1933090110.1830914
6857117.952647921 139425776770260.38 -383103957926.5219 1925457894.5579576
6876249.676460185 231199709196221.2 -382629543582.6441 1917871106.9928277
6895306.004983547 41048713884619.99 -378434641564.27673 1910321055.3945076
6914287.394519164 132435351870545.66 -378935798100.09485 1902797988.743022
6933193.9260817375 -55351485660666.305 -375747715834.44434 1895292117.6302207
6952025.8610487785 41996420891828.4 -377267967211.1665 1887793886.9805229
6970783.0901772985 -130220239038454.08 -375135295127.138 1880294332.5923483
6989465.696352417 -17819928738528.598 -377550787545.219 1872786033.5619996
7008073.422568423 -179702147673784.72 -376116525811.55786 1865263060.9625208
7026606.233655487 -41054251495792.01 -379285969287.52686 1857720510.2047184
7045063.774949246 -191627310713761.6 -378195617087.6822 1850156078.3295617
7063445.965424068 -33825235881424.71 -381674481651.1589 1842568583.3287694
7081752.426879807 -178251356538682.38 -380573356460.576 1834958741.7339559
7099983.092558187 -8518951732024.891 -384037828614.51025 1827327879.3541317
7118137.6106581595 -143610381210994.4 -382777692730.85864 1819678504.5187285
7136215.96436652 38653305186769.76 -386022044216.0006 1812014050.800902
7154217.870250461 -82287971369198.67 -384433145405.79 1804339193.8598561
7172143.404597049 113245787418225.19 -387199095300.06195 1796660011.9014835
7189992.405000818 214134758371.40186 -384946312333.393 1788983898.4458067
7207765.094966305 201889473634391.44 -386952028718.21814 1781319031.0055642
7225461.474916131 88778421303759.88 -383815932520.8417 1773674195.8397634
7243081.943304087 293643978140483.2 -384971677969.815 1766058171.33741
7260626.675345342 168373619351798.9 -380801032047.80096 1758480052.0982003
7278096.250582523 365913876207466.06 -381091410550.14435 1750947727.505526
7295491.001321747 222009535896393.97 -376015739754.813 1743468360.867571
7312811.649739203 405986760036711.6 -375637095979.8131 1736047268.5139582
7330058.633998107 251006054240586.06 -370052191221.1351 1728688422.4222937
7347232.755363431 431399159552384.06 -369349179694.6512 1721394696.693728
7364334.509226596 262482356138086.62 -363372527424.29315 1714168610.175723
7381364.747007081 436761176434617.5 -362494386752.94727 1707011300.385967
7398323.986746208 263537918396353.03 -356421476685.50726 1699923298.8013322
7415213.090446054 434037658824487.44 -355495203069.7756 1692904710.047921
7432032.578231225 255318471802869.03 -349394691306.26263 1685955264.1738381
7448783.3067286005 422266485472195.25 -348514888782.54126 1679074146.477104
7465465.779840693 242402485350105.72 -342520171407.39343 1672260190.2127159
7482080.83096252 407201986632563.1 -341747568179.22736 1665512115.1631289
7498628.9385053 222649037820979.8 -335856148166.0786 1658828428.1527507
7515110.906132405 387270973456939.8 -335278439370.3696 1652207171.2428536
7531527.173269184 194371272314817.06 -329502350454.83795 1645646368.894608
7547878.504242696 368336409229918.9 -329299190147.5738 1639143218.248808
7564165.282668632 173984317000156.53 -323697151026.1459 1632695842.5334857
7580388.235504351 353778509751153.44 -323754993244.62354 1626302221.017358
7596547.70612937 155978823795497.28 -318263566597.6076 1619960910.7383723
7612644.392769239 336170163921672.6 -318504622640.781 1613670127.0129979
7628678.603267413 138039394140766.58 -313185205724.56134 1607428124.52249
7644651.001097195 322929880926785.06 -313651647909.17035 1601233125.1314607
7660561.858696365 130014922125883.73 -308515976991.36554 1595083816.4784687
7676411.813406892 322427553111946.56 -309137198866.689 1588979403.1871874
7692201.121829271 129348906728572.08 -304004899398.29724 1582919835.467469
7707930.420314066 323274163141529.8 -304647811482.5488 1576905047.3046422
7723599.964147306 127736154653628.69 -299482598270.2453 1570935122.6137073
7739210.391350446 327078643590333.06 -300195499786.7396 1565009901.5405562
7754761.95402655 130174018777614.22 -294978803940.0043 1559129761.1808624
7770255.297705684 327356986767398.7 -295645934606.4823 1553294943.1728811
7785690.679302337 124406080596119.12 -290366271782.45746 1547505475.105663
7801068.74489592 319220301184797.8 -291067244263.1071 1541760785.2678902
7816389.740017186 113915201888761.3 -285845151033.85846 1536060067.160757
7831654.294686791 315160453255106.94 -286714595410.95447 1530402280.9405756
7846862.633730443 106302021336950.77 -281497544969.16345 1524787024.1999445
7862015.379156191 309428980277688.1 -282461518974.30145 1519213542.3292692
7877112.7407641895 101254233227025.89 -277308336845.32684 1513681267.2316177
7892155.329250718 309048487003834.06 -278369032703.8053 1508189698.5761082
7907143.344453499 100402264331943.92 -273214944768.82053 1502738798.64869
7922077.396317859 306086474504760.3 -274263115431.31046 1497328483.003197
7936957.683000059 103783011549917.6 -269201664359.93304 1491958458.048399
7951784.808599526 -1870498579199222.0 -248512776691.7015 1486629058.8800244
7966558.977944843 3786967638424437.0 -323460022258.32446 1481124544.920808
7981276.4993762355 20095793887419.93 -248255172344.68677 1475809989.1442251
7995944.846941664 -345092219469909.0 -244419346740.5643 1470872785.0641336
8010564.060302658 21166522324187.74 -251501446168.07864 1465903367.7165916
8025133.458377136 -75065872657919.84 -250332640823.97238 1460901843.2309554
8039653.082939843 169273983222198.28 -253512594532.34125 1455894976.304446
8054122.785839015 4870214433091.323 -250190550780.15735 1450897447.17621
8068542.901157746 219473630065667.25 -252278621880.1412 1445917179.0181644
8082913.438508007 29257282141687.934 -248199812239.64813 1440959147.5608785
8097234.83104809 239384176999367.47 -250000521946.1336 1436025770.0221205
8111507.136520851 37300391815781.836 -245605335642.18127 1431119019.9121296
8125730.827380506 256654606590915.62 -247417835161.471 1426239694.4545755
8139905.97724398 48703194947968.86 -242792289973.64127 1421389505.4743392
8154033.092650811 270014660589846.75 -244510751045.06055 1416569583.203995
8168112.269722765 51623796124126.94 -239648261672.41595 1411781251.8765464
8182144.041367095 278058188827584.88 -241388648757.48404 1407024800.9785821
8196128.509469734 52495040496258.055 -236374673128.29245 1402301027.7752604
8210066.22281283 273299242610699.9 -238050332939.06573 1397610018.6233091
8223957.285001823 38108369516769.05 -232987884508.65356 1392951301.821518
8237802.235426496 255040187797771.97 -234768222925.42838 1388323451.3798032
8251601.149298417 15298610198477.941 -229842252696.5203 1383724657.4819026
8265354.529970872 235918695845612.72 -231886401341.72153 1379152659.2510214
8279062.407637554 -1590806522088.4373 -227173023903.39166 1374605561.3871317
8292725.247913124 210092376215388.3 -229296346538.0823 1370081689.8309054
8306343.0476579275 -13686371699963.441 -224976793171.11105 1365578484.7075984
8319916.221515196 169997059636070.5 -226941776203.6848 1361094747.1188684
8333444.742473186 -20811023181094.336 -223349656375.39978 1356626502.8636017
8346928.946042073 109456366892578.64 -224853769537.9513 1352173045.7546358
8360368.791148734 16137022493801.52 -222834966124.41174 1347728375.0689669
8373764.493818817 2.2350053254751056e+16 -445027301513.88135 1343296153.0538793
8387116.085900727 0.0 0.0 1341080841.7877796
-0.05974253249455785 0.0 239
6091537.53920705 -941712806303.4653 235398777.9544987 -75305751.3719266
6072713.454276655 -4297367625.065328 -234324570.31855208 -75364593.71142922
6053859.951853542 -11580119073.621494 -233578317.6404076 -75482546.90878002
6034976.897695318 -1458088463.7203474 -239003176.9820984 -75601492.20102061
6016063.930058926 -15827728432.600834 -235775692.52460003 -75721252.17755696
5997121.003396185 -3282359106.932789 -242868080.4526672 -75842092.24762034
5978147.623276008 -19741465354.517986 -239574305.37227288 -75964126.39962827
5959143.687163127 -5802531745.920933 -247993352.7759516 -76087599.18100022
5940108.578368027 -22272971825.54364 -245326709.00909382 -76212668.06315742
5921042.11562957 -7802258195.525942 -254511482.32410538 -76339491.2257086
5901943.60317832 -23732462435.425854 -252479749.76902765 -76468193.62031828
5882812.797285117 -9480972150.372267 -261974551.14843148 -76598866.44235028
5863648.956588543 -24284868073.504013 -260643986.5188619 -76731614.58520289
5844451.78491929 -9856472904.035942 -270321092.74170154 -76866472.5655991
5825220.523659737 -23386000374.838646 -269402943.86388636 -77003463.84647016
5805954.8649105765 -8748691373.09872 -278907583.177569 -77142532.26262654
5786654.078133273 -20347035225.22449 -278195259.0946433 -77283608.59502763
5767317.890033714 -5600706285.952972 -286967503.6509081 -77426502.95582455
5747945.66500542 -15959356470.727787 -285778166.33718413 -77571018.64512537
5728537.228091937 -324619699.41558266 -293675702.4968275 -77716881.50154969
5709092.080750341 -7306269400.305073 -292011652.9939707 -77863761.85210583
5689610.212840071 14662830128.393246 -299329580.52334225 -78011119.01402536
5670091.396125804 1424882042.5229938 -292355257.7238028 -78158016.50581929
5650536.088649199 -208716734866.99243 -239470243.3371763 -78303908.76691546
5630944.334921131 97816984033.38864 -368266757.8854222 -78462753.53062002
5611309.614988819 -1391444638.017858 -319016560.72736347 -78628527.7963401
5591634.984487055 -12969932238.72049 -316470118.2787843 -78788276.9721518
5571920.399949497 3338159343.536399 -323788709.4482022 -78948923.50967322
5552165.456217708 -7773316347.4368305 -320176752.1653948 -79110171.8825386
5532370.25757006 8801734653.84362 -326263083.2429195 -79271697.38343327
5512534.561181486 -1097716141.3959024 -321588371.1952347 -79433158.62424915
5492658.642003076 14915068294.354465 -325865461.72552466 -79594138.48425567
5472742.465744063 5126900217.310722 -319690424.4801476 -79754254.97559932
5452786.498325596 20810965800.557556 -322329385.96510696 -79913119.15699498
5432790.899903241 11030576798.25536 -314682503.0849984 -80070362.6269508
5412756.320575874 25898990586.569557 -315641842.4200986 -80225616.49790433
5392683.104919793 15788638255.697176 -306640631.79525083 -80378562.8477886
5372572.061975039 29905379475.228817 -306222709.7743234 -80528904.37209022
5352423.684951587 19734918997.92605 -296205001.9475094 -80676390.73408912
5332238.908042194 33065210953.770023 -294604045.29818094 -80820775.35288541
5312018.347731878 22804529539.284943 -283773925.9146283 -80961860.78837271
5291763.036921112 35834855286.68512 -281330680.3596436 -81099455.23784387
5271473.687984281 25522589589.951767 -269795341.97097033 -81233385.64179388
5251151.420340796 38169572589.773705 -266576842.619128 -81363482.16392949
5230797.031272575 27938246917.256493 -254478130.32953924 -81489598.92089091
5210411.713131593 40194522281.28265 -250558127.4211635 -81611584.97183114
5189996.338660759 30066743977.957474 -237979124.58484435 -81729313.78902707
5169552.163468003 41794578962.84196 -233394970.33200783 -81842652.37466253
5149080.126786834 31664857821.019653 -220415517.6698645 -81951500.75019012
5128581.534208205 42817468914.72944 -215288096.88883063 -82055759.05845946
5108057.374887958 32328653568.67314 -201963191.3673929 -82155363.38482748
5087508.986370378 42720225084.84673 -196479606.27380985 -82250272.25242941
5066937.378547146 31823156727.718937 -183076958.17452446 -82340491.73748554
5046343.885924816 41599137474.831635 -177565853.03880376 -82426053.42565186
5025729.502604216 30788360741.499237 -164465012.0236671 -82507027.36739102
5005095.528071045 40281935949.71739 -159141980.99158928 -82583478.22128718
4984442.924100879 29713419834.45562 -146430956.7871978 -82655488.29185914
4963772.9490323 39118598036.04034 -141354530.9057433 -82723124.74612145
4943086.531061577 28913920755.645596 -129025253.1721779 -82786460.27452071
4922384.89218661 38242263476.4605 -124129470.61077347 -82845544.83326006
4901668.935628687 28265945940.25344 -112076331.93720998 -82900433.17955986
4880939.85601052 37156330011.45848 -107233046.85537067 -82951165.80172381
4860198.536311775 26873148597.67123 -95374651.23676437 -82997810.55362964
4839446.137232467 34034939949.460236 -90447427.80254996 -83040454.46335378
4818683.49824366 22224215508.859707 -78987444.14328974 -83079292.56901456
4797911.682538498 27606461440.02347 -74777477.97274163 -83114615.35630709
4777131.384363351 14241239883.534683 -64535837.375402346 -83146824.50471626
4756343.466096722 17758102961.056843 -61855078.254891984 -83176418.82551326
4735548.372610513 3217985811.1158476 -53781532.37838172 -83204013.68725768
4714746.658637403 4858294171.964131 -53387162.31007993 -83230297.87113015
4693938.424701746 -10974685370.457218 -48214990.376106985 -83256077.41366668
4673123.82256832 -10485268931.53625 -51080657.63501816 -83282239.13510643
4652302.509406778 -26815366376.320766 -49619633.12714387 -83309741.76845512
4631474.157675305 -26643457260.939175 -56365608.78822202 -83339575.10882165
4610637.929707854 -42537376146.64496 -59052657.51491893 -83372748.79056275
4589792.993208521 -41694341536.685425 -69896404.79207997 -83410245.19368896
4568938.019382641 -56121222111.97957 -76712418.06626435 -83453004.7633513
4548071.705770504 -54192205479.18153 -91223163.98473582 -83501876.27772368
4527192.299241398 -66764722911.08117 -101626785.59799884 -83557640.65806809
4506298.106923782 -62775808707.61703 -119312984.19394039 -83620962.95691788
4485387.043202236 -72837838161.53926 -132489781.97626582 -83692379.51538679
4464457.147068177 -66336161678.92018 -152322181.6905661 -83772269.80830728
4443506.143192481 -72917258979.18852 -167259080.75064555 -83860856.30212225
4422531.959347248 -63801635549.237656 -187764738.2525082 -83958143.95939218
4401532.317722383 -67257459351.1901 -202849305.6969639 -84063974.41182683
4380505.225264234 -55216499947.283806 -222671432.72318503 -84177994.0103636
4359448.580965138 -55427566753.86091 -236421072.375022 -84299666.31813939
4338360.659956353 -40679075505.26844 -253962894.23925167 -84428252.15166657
4317239.730775768 -37860536393.38252 -264835938.81955278 -84562843.14901271
4296084.522678845 -20256551934.930588 -278700336.0550643 -84702341.64520223
4274893.852967369 -15316536737.627283 -284998690.5766117 -84845471.55154082
4253667.088861406 3790692915.986584 -293603556.6109704 -84990824.22021928
4232403.751898619 10149048424.313055 -294245392.03297126 -85136897.07408655
4211103.960493754 27748906753.654617 -296107861.7102561 -85282098.9118786
4189768.031685673 32306311527.039257 -290310710.8288571 -85424932.71949193
4168396.832302626 47342260820.94084 -285993659.8795 -85564014.0141105
4146991.3715383695 49423357965.68538 -274679783.1361275 -85698118.51718116
4125553.1282839226 61535673586.04578 -265353188.32564065 -85826176.68069403
4104083.6464402103 61171976404.6578 -249880279.6668101 -85947301.6380726
4082584.8482761225 70626746473.64156 -236952593.97619626 -86060759.2841945
4061058.64469927 68080122208.215996 -218661537.57828745 -86165981.56901969
4039507.2419680664 75018579391.72511 -203378031.68075356 -86262536.84135056
4017932.7667887486 69983339908.21823 -183367078.2269087 -86350150.68023635
3996337.5626130546 74335241285.77766 -166961269.23496968 -86428704.1643018
3974723.815600478 66860832666.08751 -146511412.88420045 -86498239.99150382
3953093.8478564476 68295650316.16553 -130156953.35246004 -86558953.26976706
3931449.747998687 58536770251.20805 -110645759.55473596 -86611221.3791801
3909793.649466163 57342593716.45628 -95714889.13927473 -86655564.44361018
3888127.3808471677 45597437380.254616 -78445110.25849593 -86692666.85799249
3866452.7334259665 42692692713.36558 -66321080.18735918 -86723337.1285007
3844771.1315882895 30072723312.602005 -52494642.89145339 -86748490.64509529
3823083.908980624 26215504424.21916 -44013217.47523609 -86769097.45988737
3801392.0050232615 13437437655.879879 -34266043.02306351 -86786187.13974796
3779696.238643593 9245390973.216784 -29859222.767980963 -86800799.13016377
3757997.02960412 -2999708854.243461 -24487271.533754792 -86813993.79812825
3736294.666714999 -6652216175.311118 -24324092.313659176 -86826798.20852672
3714589.056270469 -17704280434.173153 -23224267.765176695 -86840205.71346278
3692879.990466709 -20710595984.778446 -26898299.751204107 -86855135.11895391
3671166.9162523663 -30733199368.231087 -29569963.95747479 -86872464.8541263
3649449.1866639475 -33418775471.510246 -36580993.43153493 -86893009.02288315
3627725.841649023 -42568227775.51335 -42647565.93339676 -86917561.68792252
3605995.8372623706 -44581623451.47182 -52785006.830947384 -86946862.35363992
3584257.8437455734 -52674422126.42487 -61906072.93930114 -86981608.52365455
3562510.468445188 -54025364150.84704 -74735339.37334275 -87022431.67724025
3540752.06590262 -61213247888.88685 -86443246.04923195 -87069921.90066612
3518980.9484581654 -61635918415.116936 -101638991.00091806 -87124612.73715372
3497195.203914962 -67387021846.45847 -115608448.63739578 -87186979.7274569
3475392.906872643 -66658419994.638885 -132635226.30335675 -87257408.63600487
3453571.9522762382 -70965354595.30582 -148221149.4926847 -87336213.29068771
3431730.2578310487 -69014481303.09239 -166447928.21220037 -87423617.28140366
3409865.606701125 -71948680379.34003 -182965934.10424015 -87519767.82517947
3387975.842992455 -69056604900.92393 -201673784.68475342 -87624726.36451569
3366058.7191516785 -70724667319.73334 -218518814.76417825 -87738495.53147912
3344112.077968915 -66483317384.2282 -237257976.78027812 -87860998.84437433
3322133.7101268726 -66420007180.83911 -253892554.4415883 -87992075.51292995
3300121.5388007574 -61549586928.703514 -271712933.84525234 -88131456.56313221
3278073.489143478 -60670783237.135895 -287318080.93816864 -88278833.71389955
3255987.6384515166 -55072071893.80765 -303883384.00670475 -88433847.7285465
3233862.091473675 -52898791037.582214 -318192933.575095 -88596093.86357139
3211695.127852895 -46082424730.68645 -333119857.12343943 -88765086.49087131
3189485.0951216826 -42188004662.23895 -345612506.80709064 -88940263.89792956
3167230.5537441364 -33481359451.83447 -358334579.08247775 -89120956.82791543
3144930.185839358 -26878923714.40467 -368354275.4698727 -89306377.9110955
3122582.945507108 -18541583704.581142 -377157241.07613295 -89495570.5690601
3100187.9930959176 -11777459741.397337 -383482877.32147616 -89687601.29920559
3077744.7493985165 -4799378009.438754 -388171176.6767364 -89881526.49593993
3055252.8465072634 644244157.8101424 -390731606.68050706 -90076487.48607992
3032712.1344978237 6236359362.968999 -391968419.8471263 -90271708.10717654
3010122.633495278 10493473901.071833 -391473670.4820181 -90466498.79803792
2987484.538312797 14359383439.5147 -389816986.4682422 -90660244.13566405
2964798.176748505 17099249454.982946 -386912470.1615798 -90852436.55794331
2942063.9973649085 19601305546.719097 -383263627.90698713 -91042663.30709517
2919282.534313231 21183607183.714947 -378759439.9295601 -91230596.84487417
2896454.3999046343 22376636568.41968 -373762420.08127034 -91415981.96272576
2873580.2558786697 22570681544.82057 -368217465.2737429 -91598645.24581571
2850660.8012430808 22359772280.666157 -362522779.3775484 -91778500.02366452
2827696.741067243 21377958953.661465 -356688112.27857953 -91955547.35002671
2804688.7738320865 20176809092.372707 -351044040.55443096 -92129861.75143221
2781637.56734838 18534702613.8919 -345589993.38916826 -92301579.62897933
2758543.751905029 16933704829.751036 -340556697.42547584 -92470878.64177357
2735407.906494351 14425905942.366283 -335696928.9419298 -92637961.43316948
2712230.560096237 12069275194.720123 -331501819.13633865 -92803084.7387738
2689012.163351243 9028730849.55761 -327724836.35459775 -92966552.50944941
2665753.0932828244 6266464406.131674 -324777455.438623 -93128701.98432809
2642453.631933044 2801756666.0041423 -322344966.45056766 -93289895.74843597
2619113.975055503 -666139199.9193888 -320777749.21161836 -93450522.89038536
2595734.2101722728 -4346801953.479552 -320024212.5112981 -93611016.58960451
2572314.316474306 -8152832087.916542 -320159388.5698863 -93771823.51933646
2548854.158174968 -11667603062.46041 -321318758.93296885 -93933411.48093402
2525353.480593768 -15287475957.897234 -323330440.025013 -94096237.91010514
2501811.9192547994 -17997443367.90357 -326474424.1803884 -94260748.6106384
2478228.9966035383 -20340361722.968872 -330387566.3111808 -94427339.09867182
2454604.1504307245 -21089075914.62525 -335284866.05708075 -94596325.10063246
2430936.7453383473 -22625817757.578175 -340172338.66645557 -94767899.79525882
2407226.122539852 -22333487314.916813 -345901159.6436661 -94942205.98785101
2383471.5752435005 -22701338683.286922 -351391882.3185312 -95119321.43468201
2359672.40578946 -21063375713.52823 -357475947.2554103 -95299250.85462995
2335827.9050268503 -19950981448.552887 -363019196.87268174 -95481914.88556072
2311937.4149719435 -16909005455.571644 -368766717.822868 -95667141.67311162
2288000.3123903032 -14570509584.496704 -373577991.7702616 -95854671.63403867
2264016.0690736026 -10627586348.616762 -378205771.5269438 -96044168.57290097
2239984.2298641163 -7138136232.295872 -381734589.5593071 -96235239.99912901
2215904.4627742763 -1640700559.305925 -384893087.73977077 -96427421.50549255
2191776.5448209504 3673057082.154553 -386631484.99668664 -96620151.55201766
2167600.4247514685 10427051430.120789 -387401623.0498855 -96812754.60800704
2143376.2173058335 16824155824.009596 -386394262.2082956 -97004476.62747812
2119104.248207245 46894485105.17308 -389705391.70137024 -97194495.87219968
2094785.043013473 40675886159.03764 -376428780.1957646 -97380533.69724019
2070420.0666277914 49736991699.51039 -368526072.8356105 -97561099.7420502
2046010.5896951111 28639570353.065407 -350819682.77804905 -97736016.39437021
2021558.1659137385 21428683563.01678 -341858188.6324378 -97906035.73591383
1997063.6899347245 -11512206054.93257 -328267494.1060213 -98072926.59372495
1972527.831153387 -32897469221.567764 -325799538.31247747 -98239197.82660267
1947950.229948155 -77342726024.49733 -322912952.2253523 -98408243.97044435
1923329.8586585193 -112908053994.4877 -333355996.4100707 -98584178.40438052
1898664.3012303894 -170165087770.37592 -347267012.6574063 -98772000.54007912
1873950.0306098317 -221123703293.36206 -377064906.1378505 -98977510.3251322
1849181.7311313963 -291501021461.5019 -414746792.3823885 -99207469.54714024
1824352.4952698918 -358061014240.54224 -470975021.319885 -99469459.80652067
1799453.2170334281 -441899475822.28326 -539522091.4577293 -99772037.5460524
1774472.711210115 -523866245542.9239 -629494021.9576336 -100124600.31969415
1749397.173618333 -621672435203.1375 -735995723.7673014 -100537508.36428781
1724210.2395751749 -719317129056.6456 -866986285.9667197 -101021994.68148571
1698892.4891001426 -831278380396.3439 -1018806278.6902992 -101590271.89828858
1673421.4519599916 -944860057978.0969 -1198208030.1120648 -102255437.11192982
1647771.1604440364 -1069101564176.609 -1403337028.0005188 -103031583.2321662
1621912.0987448161 -1193766692658.8445 -1639416628.2005801 -103933570.49284673
1595810.8699633307 -1325293990390.1448 -1904943287.4799912 -104976951.67036238
1569430.1828758097 -1455471452624.7546 -2203685078.3508954 -106177734.78926201
1542728.6375713141 -1590217481476.8193 -2533825168.506355 -107552272.30884497
1515660.7676182806 -1592800329072.5415 -2930684221.6649475 -109117117.80882518
1488176.8973503413 -1786756043563.912 -3280351668.698409 -110880852.19870794
1460227.270417397 -1879539544693.5466 -3703791876.4812064 -112855756.06840982
1431756.0716255305 -2127035770500.2598 -4111751713.3445206 -115059746.13963167
1402704.5873834016 28151604147683.617 -12212158126.900196 -117514084.57965542
1373006.3727421137 -56674547099879.21 16028750755.369463 -118342294.03682135
1343540.8355258673 3716929475247.6567 -13234097459.753227 -120952741.859626
1312537.5600989799 3216761234916.4805 -12179954793.203241 -126872213.51078193
1280112.6569624832 369926320968.44293 -10664245211.79048 -132358437.80664866
1246366.6122195434 -1132519815297.316 -10196210599.370811 -137620550.1594249
1211310.9817338784 -1960557468655.8142 -10272321626.371107 -142930312.6928033
1174910.387529107 -2560988748743.755 -10612310676.659304 -148433344.23816803
1137103.5851529187 -2953266924300.4844 -11154420559.043825 -154218901.78915066
1097810.5737097482 -3308887498017.101 -11803750983.76267 -160349014.17919436
1056939.098206719 -3560042559483.2925 -12568088554.682537 -166870413.3968852
1014385.7946742368 -3812786509163.761 -13394809871.267252 -173821013.44072676
970039.4534893999 -3989280077622.236 -14303769491.22536 -181232300.12729564
923780.9697418647 -4162408445660.9253 -15257688183.758028 -189131094.09617898
875485.7251649456 -4262167768826.865 -16273223527.74861 -197539241.25681975
825023.6932587192 -4328878309886.2793 -17321956748.500725 -206473792.82701993
772261.7312131237 -4311887577533.807 -18408288223.285942 -215945150.57280046
717064.6122952233 -4225841953734.4243 -19507634111.104076 -225956421.20551255
659297.6405334218 -4029139504423.4478 -20613132030.379055 -236501166.56246707
598828.8078738101 -3732827012562.8354 -21694359881.607475 -247561719.30602136
535532.2509095838 -3293877826744.6978 -22737173584.918545 -259107273.70395204
469291.36252791295 -2873313520149.0034 -23665668061.271027 -271091887.3872302
400003.2476355884 -2500845005712.4185 -24477012156.142178 -283461854.1893981
327578.1488469272 -2532244482395.548 -25094296381.080532 -296167621.94745046
251937.94405373445 105454221114555.83 -52720520766.72721 -309187879.1745014
173003.53028202226 0.0 0.0 -315777120.6494701
