0.0 0.0022614762858167016 233
10392.164981524566 -7.092904418794911e+17 6884306927322.574 3215099575.272255
41597.62183138531 1.4960357139318736e+16 -7029510759508.104 3148281133.811112
71506.01154974729 1.970869248038178e+16 -6930393827631.446 3016053585.751937
100144.69188229032 2.690326842282816e+16 -6808932978753.48 2887092022.578164
127549.70377319017 3.2208942937746136e+16 -6599308745045.745 2762521521.7916846
153770.24476289257 3.4790220026463532e+16 -6311745381432.234 2643519664.823372
178865.21478682253 3.5282696072525156e+16 -5978854674698.51 2530829439.0066366
202898.2341170582 3.4232607382245364e+16 -5626212051790.377 2424740406.1088057
225933.8236080811 3.249701440563082e+16 -5277108051124.386 2325200036.4386425
248034.58383539398 3.026881722416289e+16 -4940068383636.8125 2231945905.894085
269259.94152572186 2.7983384087145996e+16 -4624099863489.588 2144604607.1020901
289665.2487402405 2.5608939537775576e+16 -4329449607908.4497 2062750935.2023783
309301.67820818024 2.3447970119777464e+16 -4059917459572.559 1985945908.155975
328216.0605531972 2.132467653203147e+16 -3811725157112.992 1913762268.9820755
346451.2746716457 1.9486345521223504e+16 -3586907164554.222 1845796420.2826166
364046.3166297165 1.7654271201076712e+16 -3379992568321.274 1781675158.6902356
381036.8207695571 1.6101791038237124e+16 -3193573629534.9434 1721052715.0400622
397455.071150777 1.4495478028711268e+16 -3021700421935.882 1663610248.6397228
413330.5128394314 1.3128122320563514e+16 -2867737236004.0444 1609050186.5568438
428689.6534648306 1.1606261046311774e+16 -2725545860521.275 1557092395.4393148
443556.500196612 1.023956945336604e+16 -2599631591204.489 1507464697.6791816
457952.2772030908 8550632662901980.0 -2483854621267.321 1459894978.2312186
471895.70940736553 6786410671944892.0 -2383739603279.9585 1414095382.7635026
485402.4332031127 4291604956399556.0 -2293656981975.4917 1369740607.7413054
498484.85878184723 1015870429978131.1 -2220209090184.4863 1326429433.0484905
511150.83412713377 -4404900845208989.0 -2157735645648.9307 1283618247.0943956
523402.2169436119 -1.358423002566121e+16 -2111395489175.788 1240487798.7944064
535230.9520654901 -3.198180250457985e+16 -2064677635898.8396 1195662691.1319416
546612.1982468794 2.789434782166549e+17 -5392901828833.3 1146545052.3743608
557487.470920126 -1.0662028162540835e+17 1056743495729.7976 1120692346.1428294
568366.8691867789 -2.5544943321999184e+16 -765012699208.1498 1111073282.3572588
579055.4183866965 4102711247795678.5 -1300706910731.3596 1089003642.8626328
589506.4049249921 4446915836182245.0 -1264227195364.4902 1064914045.8949461
599727.331358581 4573015072847554.0 -1222289752123.9944 1041629863.3570937
609726.3296853403 4568659562508193.0 -1177862219826.7407 1019195400.0454341
619511.7624986343 4487657472401996.0 -1132733037146.596 997622124.7822977
629091.9844269818 4346596288145699.5 -1087807125234.0737 976901996.4867804
638475.2019717832 4185887352621796.0 -1044059640785.4625 957014095.7709547
647669.363678298 4001668422839593.0 -1001643796476.2946 937929994.4933012
656682.1242061419 3807160065100184.5 -960916095702.1908 919617198.8529196
665520.801336968 3595609713511925.5 -921910866916.6218 902040030.9869913
674192.3571583689 3386962410187474.0 -884987102845.3652 885160238.286304
682703.3668994773 3170536107265978.5 -850012947809.8466 868938236.1875197
691060.0242397205 2967566284689592.5 -817270013645.0355 853333980.790155
699268.1270834988 2759906685422385.0 -786451567127.0994 838307963.0386724
707333.1021678172 2568753443439964.0 -757808854493.0131 823821499.7415812
715259.9964861729 2371322433488162.5 -730960525979.5394 809837020.8839481
723053.5074734438 2196850300358195.0 -706251281168.4948 796317920.0313071
730717.971525844 2015319423163129.8 -683166935110.7356 783229162.1868024
738257.4059854227 1865626424636104.0 -662153526310.9403 770537210.2196431
745675.4962318619 1706439945924925.8 -642500880970.8446 758210861.3082218
752975.6539038535 1581178497811117.5 -624722557944.1544 746221017.5766112
760160.9995385358 1446740872546685.8 -608070947738.5876 734540882.7139671
767234.424609609 1348510994964939.0 -593075605619.7174 723145991.8659765
774198.5747470191 1249182682685325.8 -579023012233.4379 712014426.6773355
781055.9159494387 1189934952232884.0 -566323508581.2822 701127576.2524713
787808.7325755779 1138620133563570.0 -554276053981.8381 690470501.9944389
794459.2006388496 1139840728713696.8 -543236560060.7195 680032788.3995459
801009.4023141477 1182057803786707.0 -532583127170.32874 669809716.3601545
807461.4220084471 1176729479883219.2 -521058468072.134 659805377.9057827
813817.4213303559 1186509645685820.8 -509732166782.2437 650023248.1274724
820079.5521446688 1175658358662893.8 -498110693156.12854 640463746.4093288
826249.9842009998 1190928639095578.5 -486848074609.93884 631126771.846777
832330.8674054029 1183252249060078.5 -475214525899.8964 622012740.7294424
838324.3795884289 1196302989362022.5 -463856659111.55334 613122368.4369367
844232.6845429472 1186917195766360.0 -452154356147.0435 604456161.2579219
850057.9699274898 1204834719868076.2 -440808154277.52374 596014464.447335
855802.4062369505 1193010416022148.0 -428999375178.5845 587798081.7336656
861468.1967316892 1203753237985801.2 -417524396090.7983 579807587.1264545
867057.5230491658 1180216708771149.5 -405612435986.3204 572042878.7451046
872572.5864720528 1174448581415218.8 -394101377693.4219 564502751.3631968
878015.54524218 1131089361302724.8 -382281448664.0985 557184444.3464925
883388.5470533022 1109632482800915.2 -371094942270.8344 550083329.6715508
888693.6603089208 1053545340407392.6 -359780576226.69147 543193301.3619832
893932.9141747152 1021791405202001.9 -349246762600.88934 536507054.4122304
899108.2352507802 954120926800781.2 -338672547089.8438 530016313.7863483
904221.4920693402 914518453973826.5 -329027560382.0499 523711713.2445458
909274.4294147886 841340560673418.4 -319441071682.69586 517583147.17847264
914268.7196511641 802805212450283.5 -310901078110.04486 511619991.155813
919205.9013233605 727842923742929.2 -302381548546.40466 505811721.272326
924087.4425073486 689023402143083.2 -294940394300.1859 500147645.5254676
928914.6741968618 612572868904012.6 -287510775620.8718 494617045.14224654
933688.8563970475 572363475126085.6 -281174931814.6306 489209061.15015095
938411.1093092886 495981468922211.5 -274878268631.9693 483912703.6442784
943082.4796047469 458525900289776.6 -269700778458.5696 478716989.1752907
947703.874276134 388743703981754.06 -264573069308.08948 473611193.7169197
952276.1318218126 355120319280476.44 -260473613707.37848 468585214.9755268
956799.9631306531 293246034714756.7 -256426302943.8245 463629311.6669307
961276.0176050253 269060810293329.16 -253345344725.30728 458734487.46882534
965704.831498868 215670819314843.72 -250215667298.62836 453892635.1772732
970086.8968390189 204881730565770.3 -248017668535.6439 449096446.84804857
974422.6080189658 166483667542986.84 -245656417531.27438 444339876.5148891
978712.3397023764 171293037523929.97 -244087221866.19803 439618290.5205126
982956.3963350466 145699761888370.84 -242176261659.2761 434928524.65462196
987155.0911575839 160371850876060.7 -240904519277.08264 430268620.977139
991308.6906086162 146422568081222.66 -239212574599.35483 425637550.66174984
995417.4879573663 171813785428316.44 -238037855588.49777 421035381.8001421
999481.7509642454 163445642049489.72 -236289026579.35516 416463192.275492
1003501.7938221436 192661238442138.34 -234986202265.64728 411922585.7401317
1007477.915421272 183430960969322.3 -233026662027.2352 407415526.1205945
1011410.4680778969 206816256678698.25 -231473273715.51306 402943896.1263935
1015299.7872290354 194367746346621.56 -229345110321.05768 398509029.22574073
1019146.2510759899 215980447054388.9 -227668365947.79846 394111955.71442246
1022950.2150556878 199819915501085.4 -225415227243.56018 389753538.9015743
1026712.0741278273 219458447636016.56 -223666403528.42477 385434292.40675735
1030432.1936996228 200357714951869.38 -221350970356.48746 381154543.8737188
1034110.975090932 219865084292161.38 -219595653756.13162 376914343.9656555
1037748.7846924339 204139811069320.12 -217309035701.688 372713730.9896218
1041346.0245675955 227114350253903.38 -215550662456.27112 368553061.2365714
1044903.0680233494 213356419349045.22 -213212778543.19016 364433017.6208997
1048420.3303797696 237325595083030.44 -211374603606.3944 360354468.3897511
1051898.2017980404 220934246328645.9 -208912050594.39352 356318375.4896354
1055337.1162713622 241376704436527.53 -206966095982.5319 352325452.7869161
1058737.47781836 221690243090030.2 -204432241224.95715 348376081.9148385
1062099.7278404278 241596209779162.1 -202473741843.271 344470334.09179527
1065424.2717386687 213095723016970.66 -199852208478.0197 340608229.99620557
1068711.551315882 232067692272575.25 -197968061415.1542 336788959.98451215
1071961.9562565214 203525609732537.62 -195438607228.06888 333011626.42627835
1075175.9109387514 222413442148805.44 -193646530168.55975 329275327.77255243
1078353.7875463252 196516895569938.22 -191236456558.94293 325579154.5483032
1081495.9928028479 218895482402131.25 -189546286362.9722 321922446.50022775
1084602.8860753584 195791714753468.7 -187197464194.83243 318304872.22024053
1087674.8676542297 224425507211378.88 -185575044979.14246 314726363.39295334
1090712.2955803755 204939062417737.44 -183207658304.08405 311187440.9722901
1093715.580256829 239008476131942.16 -181549213417.79095 307688966.6807251
1096685.0964521 226839158693251.2 -179111305161.62567 304232314.3014048
1099621.2812368441 264106852172256.06 -177271342187.1639 300819546.92472875
1102524.5494278974 254413699227776.12 -174613864853.99915 297453028.93384826
1105395.3839928806 292761750866434.2 -172516751814.49896 294135357.9780671
1108234.2501737138 280472538724310.22 -169555955596.42966 290869233.4814264
1111041.683338734 318263038808570.3 -167200506345.88593 287657110.3071792
1113818.1963832094 302825959753069.6 -163961644100.7039 284501390.79464215
1116564.37130924 335001110996570.5 -161334732576.325 281404180.7395041
1119280.7618894074 314593127301127.94 -157885165025.2008 278367056.94561076
1121967.980734434 340408966581558.25 -155082319579.96136 275391127.9345912
1124626.6031353164 314283100241560.9 -151524766650.44034 272476903.15146303
1127257.251592029 337017058856219.1 -148695017852.42252 269624353.390243
1129860.500828627 308495881806311.25 -145147137800.64783 266833159.117529
1132436.9671423624 331256335487511.7 -142373816364.0798 264102775.15056762
1134987.2146743042 301953592722026.7 -138874263552.47037 261432658.8025629
1137511.8491871692 320904912529013.3 -136127469865.64017 258822193.75961244
1140011.4228582564 289433604735908.5 -132707339110.52797 256270404.86977834
1142486.5225208143 307432140611645.06 -130072815628.27158 253776112.692263
1144937.6774570572 272919558446427.84 -126753932016.16693 251338048.0296144
1147365.4498628094 287013332568758.94 -124241793074.4977 248954655.18226278
1149770.338821335 250654632649932.53 -121103174263.4895 246624010.60401422
1152152.869188938 265200098537869.0 -118811520694.83496 244344016.8358403
1154513.4993333989 227859493431567.38 -115875088820.20952 242112618.9701672
1156852.714221539 243335307009348.16 -113813712616.41428 239927669.5994091
1159170.9305360627 204518694169602.25 -111075172377.2045 237787108.95903715
1161468.5932600263 219912990630869.88 -109239548598.28987 235688738.23776463
1163746.0763932194 179984678622367.78 -106717553130.49013 233630350.9450153
1166003.7820867146 195913754458007.78 -105125244738.83199 231609635.86300763
1168242.0394753725 155128436749727.25 -102827865603.29903 229624332.15265122
1170461.2068232787 174751153069158.53 -101512659709.10622 227672098.24095365
1172661.5678111154 135512100618545.16 -99435690716.9162 225750940.5129463
1174843.442003286 157068509106348.44 -98329647389.07887 223859011.0190022
1177007.0772084189 119780773924598.17 -96443243794.83568 221994643.9722436
1179152.760654973 143288460208047.44 -95508826178.25813 220156357.40890834
1181280.7113839728 108672282011975.83 -93782100337.53223 218342853.18463087
1183391.1914245405 134776855928414.08 -92980705857.56473 216553084.8280749
1185484.3995037938 100360430645211.17 -91338531637.91554 214786250.50673464
1187560.582085832 129190706906381.11 -90644266625.63762 213041567.2057529
1189619.9226980344 96746410072818.36 -89075452342.7381 211318508.6840452
1191662.6575892065 125344190249644.45 -88414008092.00798 209616734.48415175
1193688.9636778305 94323414500920.92 -86896344304.28918 207935882.24640596
1195699.0701786538 124717657119643.77 -86275853719.79936 206275723.71341398
1197693.1495792689 95383493549423.4 -84780641104.88367 204636199.86285615
1199671.4299486924 128135892959888.17 -84172749542.00815 203017410.55908352
1201634.0857130652 98078783038588.56 -82637342998.66953 201419677.81572825
1203581.3511922727 131396488915569.31 -82008778019.0731 199843255.54153112
1205513.4057412848 101706203511379.31 -80445284799.83673 198288450.89971772
1207430.4896425821 134771199089069.6 -79779059632.574 196755605.6100804
1209332.7888845354 103673408756875.73 -78169150679.22527 195245037.58593205
1211220.5499208996 136044010613779.86 -77477092280.44705 193756932.14710897
1213093.9623374392 104295325875450.58 -75848512016.61801 192291409.1983459
1214953.2749154775 137707465296058.05 -75160526414.76935 190848527.327113
1216798.6783780684 106574710052982.02 -73521778969.09547 189428443.23853803
1218630.4245484658 141003316357327.97 -72821535609.69547 188031371.66115704
1220448.7083179937 110357724051904.84 -71155527298.84984 186657623.07938963
1222253.7875369717 146169021160947.34 -70431986626.21248 185307553.87065828
1224045.8640146563 115914088795361.8 -68719632174.91943 183981650.66825688
1225825.2050478016 151165570926761.16 -67936728431.90222 182680436.9074532
1227592.0226064918 119753540331220.89 -66164647246.64341 181404383.28635386
1229346.5931245852 153951798342498.53 -65334255649.67868 180153851.4990584
1231089.1355933044 117681807127262.39 -63487980687.74906 178929104.02108097
1232819.9315416333 149569150216700.1 -62655267615.31392 177729945.68556798
1234539.196172252 107497674649195.12 -60795221561.19573 176555963.6267879
1236247.202999672 137243009849226.5 -60040564600.54348 175406198.45233995
1237944.1486030265 91773312096460.08 -58267172088.27077 174279488.9827694
1239630.283956228 119761877301587.66 -57648083279.296074 173174353.91036826
1241305.776883541 72688296674236.23 -56028793872.6832 172089146.43156657
1242970.8463914334 101552352397656.4 -55603439874.16473 171022068.64960665
1244625.6254037332 52558748859491.08 -54142254855.82679 169971405.1429883
1246270.2996274661 85359795480570.6 -53950488439.19646 168935259.6151693
1247904.9651759048 35966798855989.6 -52642590397.15954 167912106.65236637
1249529.778145027 70998862039610.16 -52633517939.83752 166900383.21611947
1251144.8043066943 22302970483725.312 -51471771816.26574 165898736.44005138
1252750.1734952943 58614961907924.555 -51607742067.95882 164905879.12830782
1254345.9264958824 8315016326290.714 -50550624126.07145 163920644.66019702
1255932.1704966233 45572685393117.42 -50831538816.29463 162941715.30571607
1257508.9207030428 -6758262069527.494 -49881295279.81585 161967862.4220716
1259076.2604531206 99519337304855.73 -50978410816.73917 160997666.03669584
1260634.17738814 261052967897736.6 -51580315768.0454 160036208.173806
1262182.8534973874 -650136695675710.9 -40202638032.86588 159108717.89040837
1263722.7661638984 10564542423312.037 -52925508855.95699 158144574.1195916
1265252.7264939714 41602892590539.266 -53124225725.885864 157120179.69268396
1266772.753806802 -36538766829675.28 -51961996263.53299 156100699.6795296
1268282.9241808783 11848495270899.795 -52786280385.74374 155081696.73045328
1269783.170798391 -58204943220387.3 -51991347849.40756 154060367.843556
1271273.5153264783 -3432379192966.3535 -53087897005.93776 153034671.9647739
1272753.8513267695 -70862117973828.62 -52466744597.94596 152003169.565029
1274224.1725225323 -11602706744445.53 -53729692033.86356 150964668.2798956
1275684.3493294404 -77974044872312.8 -53198112801.745476 149918398.42671484
1277134.3605298253 -15811524737283.736 -54558265241.835495 148863690.02906674
1278574.063533903 -82444083393817.53 -54065001022.82076 147800146.59682232
1280003.4294274128 -20929303744910.992 -55462252331.426476 146727347.03167036
1281422.3074462886 -89768955178466.08 -54997238961.70643 145644809.21514866
1282830.659317476 -28454490023977.125 -56463640559.413826 144551843.1104435
1284228.3208820429 -98874228408593.28 -56056329769.72418 143447739.81018874
1285615.240105757 -36826586314859.695 -57618222447.875145 142331641.55551687
1286991.2361790314 -106749968248032.38 -57296988034.022285 141202759.6562202
1288356.2417577263 -46870684038337.914 -58914276029.54846 140060352.1811653
1289710.0616300257 -112614314394955.62 -58731096971.423584 138903472.92987326
1291052.6100843227 -53789408982118.22 -60395070061.78453 137731569.45380315
1292383.6811847733 -112868556996582.73 -60343728347.70957 136543989.97705284
1293703.176567618 -52784268976932.88 -62022392543.288 135340710.54879284
1295010.8898320838 -100188240921740.36 -62074613204.865326 134121825.85786235
1296306.7244524935 -43340220741527.98 -63598792520.29767 132888530.44870663
1297590.497216348 -73855632042062.62 -63723268925.53648 131641713.99436629
1298862.1288681375 -28626210071150.457 -64879097361.784 130383857.14843695
1300121.4843493481 -45308513743321.81 -64995023804.19955 129116346.0388044
1301368.511311726 6787057154387181.0 -131749088456.04651 127841869.93609779
1302603.1269003777 0.0 0.0 127202497.74892756
-0.058242719963314316 0.0 233
781439.8419519317 -430608408714.3526 107638647.90814506 -5933572.726532846
779956.634163548 3093952456.732202 -108412039.35241272 -5960479.025362647
778459.9749071128 294081600.7006376 -106938767.6755096 -6014098.299325632
776949.9608323937 4650190180.935594 -107954147.50321013 -6067505.874085929
775426.6011259956 -510684979.10799915 -105501687.71266404 -6120604.509096423
773890.041051883 4867005202.255102 -106973597.5217154 -6173444.489696752
772340.2646571331 -1772676100.0780618 -104097285.41962066 -6226012.268335042
770777.4239786401 4090801133.586644 -106006085.16302402 -6278386.699742266
769201.4636410432 -3283069383.6503935 -103140275.46161462 -6330616.2845473
767612.5114339527 2654574819.598401 -105445165.75904302 -6382795.398735883
766010.4647999126 -4726342437.723031 -102936606.29668461 -6435013.784016738
764395.406663287 1006515774.2001694 -105551079.66354698 -6487361.622409773
762767.1893812452 -6335108165.044331 -103464305.57106733 -6539941.891860305
761125.8443956134 -642737169.4851874 -106470799.56513299 -6592855.115095082
759471.1738084796 -7625177163.0886135 -104886071.941807 -6646204.344659415
757803.157541837 -1859293956.6090124 -108233418.63329054 -6700070.189712971
756121.5573982307 -8186299371.730561 -107116630.36137357 -6754528.666050601
754426.3152965067 -1933475483.358958 -110725960.02900125 -6809614.835044816
752717.1755107152 -6947218596.947477 -109955989.36376111 -6865333.331882224
750994.0776423984 927384906.109235 -113660981.78399973 -6921606.7333705975
749256.8046723641 -514242641.6737159 -113068802.68984279 -6978256.280426296
747505.3855705262 15491545199.864166 -117198294.14571506 -7034880.01254434
745739.8042728265 -61488946320.82916 -94083174.23518835 -7090567.897219232
743960.544708564 -15683379620.514576 -120903450.09566905 -7149129.900919459
742165.6860685295 7541920380.5339155 -130629404.30742186 -7212513.969449698
740354.7384308459 -7578227645.273189 -124964595.2774787 -7276406.752001279
738527.9373921691 -12528803541.90601 -125621426.11419678 -7340301.803189739
736685.0462216666 -7149262166.697962 -130097952.80094516 -7405453.229727014
734825.6735410067 -11723643948.075897 -130741592.44568399 -7471834.227971745
732949.596019503 -6221036312.791036 -135047617.11085996 -7539394.488027057
731056.4474306281 -10382926379.121223 -135562339.33486784 -7608076.010277283
729146.033439879 -4690787114.301119 -139580603.48378184 -7677795.020818275
727218.0297024457 -8500509143.686575 -139800842.22630817 -7748455.902979802
725272.2896861851 -2699494314.2977495 -143375776.371428 -7819941.035090672
723308.5478497726 -6293766390.937704 -143152109.88799956 -7892125.992457707
721326.7198656366 -490547691.20435315 -146175978.19286236 -7964872.8881313205
719326.6091273106 -3969062702.4867787 -145429079.72127056 -8038043.697454444
717308.2003109264 1435725395.270012 -147772249.53731692 -8111493.162761728
715271.3694297735 -2173049861.718346 -146511281.9886133 -8185100.92207639
713216.1613334503 2875492683.2490945 -148316454.45314133 -8258754.752652146
711142.5081396069 -1138078456.0512002 -146594403.74487314 -8332364.691524713
709050.499673702 3412540822.9777966 -148016400.4364554 -8405866.06914896
706940.100384117 -868988540.8258518 -146093123.28941238 -8479225.328405604
704811.4168727736 3159155748.0238113 -147317253.4869281 -8552425.65537852
702664.4219939602 -1363889627.566666 -145396943.23480737 -8625482.882676652
700499.2144342834 2015215999.21876 -146582543.8544985 -8698427.933886861
698315.751588171 -2846474671.8874598 -144863532.0544173 -8771332.287373487
696114.0964075137 155244927.52816558 -146325397.89664274 -8844288.581541706
693894.1599733257 -4808748885.121185 -145045748.16116259 -8917413.035528123
691655.9471351921 -2196072295.4069524 -146900872.64895144 -8990828.260817554
689399.3076760463 -7278632586.841739 -146179340.83767033 -9064681.178005507
687124.1729943568 -4884483673.452728 -148597233.9886885 -9139126.116240257
684830.3157181271 -9951908083.327497 -148551504.5205105 -9214331.059236132
682517.5832644653 -7588606072.06546 -151629922.25797704 -9290463.044951292
680185.6647528341 -12349742938.641022 -152336701.2156666 -9367691.038793424
677834.3231281968 -9765693155.493162 -156069682.79284993 -9446164.8679834
675463.1726057676 -13915046327.88828 -157473592.3072456 -9526020.566454742
673071.908122044 -10734844473.989351 -161746870.21518064 -9607355.941217013
670660.0949948475 -14137904909.034674 -163579587.14484373 -9690231.549088093
668227.3978860507 -10450039930.512274 -168035472.65425995 -9774661.315247942
665773.3751517555 -13413355695.64043 -169906919.77444938 -9860627.44386165
663297.7003506395 -9501157991.650991 -174237766.7910345 -9948084.661921864
660799.9544724794 -12123126895.234205 -175957349.12421522 -10036973.679130288
658279.8407173972 -8073043145.161952 -180000146.45691323 -10127213.876342101
655736.9803797036 -10368280268.976364 -181444417.4359119 -10218716.01868858
653171.121271379 -6175090349.591452 -185084330.01289836 -10311370.455668787
650581.9395051327 -8204169994.15263 -186120703.14789176 -10405058.594881715
647969.2421817345 -3771194187.0358214 -189279594.7532225 -10499645.213241657
645332.7730169869 -5474710890.591488 -189796449.51992702 -10594980.10479073
642672.4142052521 -992917093.6420003 -192285264.60288456 -10690892.720972985
639987.9947259529 -2526215162.346509 -192150186.24322262 -10787209.462870719
637279.4835620625 2079836100.9362032 -193933030.00342146 -10883746.095560612
634546.8017989524 597589227.3811051 -193042620.55635703 -10980310.619968763
631790.014407135 5129134595.487998 -194025986.6758979 -11076707.847119084
629009.1400542726 3476488019.1316338 -192330753.27825335 -11172747.243490033
626204.3389657317 7453856911.556468 -192455957.84667033 -11268248.922879605
623375.7197410348 5438624874.94272 -190088981.46936187 -11363067.626458522
620523.515225886 8891148975.675972 -189592518.33110446 -11457080.751324661
617647.8953135972 6521644740.9138365 -186777706.86528835 -11550198.489176553
614749.1377484113 9480358731.715786 -185887085.50077984 -11642353.168190887
611827.446255323 6820409807.32647 -182852387.90814877 -11733507.971962197
608883.1169844773 9415443257.190342 -181796175.83979106 -11823644.23234097
605916.3629937771 6657599998.805554 -178753234.56270936 -11912766.00553029
602927.4784055194 8945237981.43216 -177660880.5972229 -12000883.464599872
599916.671191708 5870155419.766604 -174656176.03387 -12088025.990034176
596884.2207862333 7776024680.694367 -173665228.3574646 -12174242.784818389
593830.3105626815 4472344055.334537 -170895648.21404523 -12259606.906519037
590755.1834307251 6149682734.312238 -170196984.19932595 -12344205.696510596
587658.9790987209 2455235421.816223 -167736259.2654031 -12428140.775758946
584541.8896722086 3631599543.3633847 -167416581.39841908 -12511538.182043573
581403.9918485314 -245988538.65961426 -165539519.11507896 -12594555.256227884
578245.3990726295 719334745.7494781 -165842309.22366023 -12677360.782612454
575066.103660243 -3266470655.1669207 -164666171.19812158 -12760136.732253421
571866.1280821554 -2533113681.578512 -165666003.13151976 -12843071.838098846
568645.3702994265 -6664897873.850075 -165266385.45398006 -12926369.327367572
565403.7511819301 -6058299223.131287 -167084032.3887186 -13010241.548672512
562141.062529689 -9995441182.198784 -167614255.4296133 -13094908.771041606
558857.1150918277 -9124845531.538881 -170330425.13076097 -13180579.101403808
555551.596627909 -12779177759.053926 -171697882.53171644 -13267444.150999589
552224.2220934107 -11647045209.603325 -175175275.45283553 -13355677.859879084
548874.5922887401 -14813838304.417513 -177295073.51782823 -13445437.82612183
545502.3433801836 -13224564414.009758 -181395339.0546893 -13536851.184227629
542107.0126088429 -15703193371.270578 -184081487.16435117 -13630016.504503662
538688.1868620105 -13586828768.868004 -188535819.88938016 -13724989.357748618
535245.3755988616 -15430140234.030542 -191471332.2915405 -13821792.379825596
531778.1543901714 -12660553140.145506 -196020695.47681117 -13920408.50917899
528286.0412248268 -13598219124.296234 -198951050.98663628 -14020779.868051749
524768.6406088648 -10022011231.693722 -203244121.12944987 -14122791.989991724
521225.52775724547 -10214822529.99721 -205701114.0014814 -14226280.007347409
517656.3895995289 -6112636033.017767 -209279918.9262592 -14331032.510685116
514060.90704218124 -5920160594.742747 -210855999.79215944 -14436805.225124927
510438.8891369378 -1898668902.8863215 -213341102.23895645 -14543329.801384594
506790.15094813687 -1493971160.0120761 -213916871.93217325 -14650342.932346646
503114.63316461863 2606457669.063436 -215315297.13357973 -14757568.05031477
499412.2891172868 2920700024.0234485 -214742314.92483884 -14864723.655254696
495683.20022740785 6791870590.521328 -214979902.86321384 -14971533.899180856
491927.4577326408 6842998252.81742 -213294927.74426013 -15077737.259167755
488145.2737993724 10192181525.996958 -212421583.16287777 -15183088.652847955
484336.86219113 9732188082.612318 -209758872.24553746 -15287375.613905681
480502.5412941817 12512476223.988028 -208021114.47090086 -15390417.613109818
476642.61512538913 11746528150.353617 -204701923.27810925 -15492069.668288039
472757.47455304646 14017672615.915266 -202333373.4133135 -15592205.914652962
468847.4865185439 12836241940.352856 -198534072.48328334 -15690732.300943399
464913.0889099291 14632152016.07481 -195774334.46999848 -15787580.737070352
460954.6827093817 13255905661.964025 -191772735.05654198 -15882712.827670347
456972.7250002317 14699033380.385824 -188819909.65845177 -15976102.35031653
452967.62987423374 13282168406.719234 -184791438.60784742 -16067745.125968412
448939.8565039769 14504333264.496935 -181776814.53291312 -16157639.513614709
444889.81980161875 13016066456.366478 -177779164.20024213 -16245797.678971168
440817.9728576509 14223361931.952744 -174827340.41764212 -16332236.249252802
436724.7222716623 12944637281.287146 -170952303.1314683 -16416972.78077872
432610.5123570822 14328657926.533264 -168062510.18152675 -16500011.736756535
428475.7474821747 13204287899.781683 -164199736.01985493 -16581346.537831465
424320.87524963514 14580400780.702911 -161243061.83399132 -16660960.95989596
420146.30813876755 13445433119.137112 -157314710.7468558 -16738839.272954207
415952.5016162823 14845473768.481155 -154303738.98519528 -16814966.40919704
411739.87569444656 13919040761.767769 -150361255.08135927 -16889325.805703536
407508.89412039594 15361762770.419836 -147242565.21305293 -16961887.86939446
403259.9917010879 14588824881.155252 -143209394.17349994 -17032620.340272345
398993.64831164107 16026876646.439552 -139922111.7877248 -17101481.367292713
394710.31968192 15117916420.084253 -135688681.7262238 -17168429.391228348
390410.5064640595 16369486600.178928 -132222528.41733529 -17233431.352123216
386094.68091583654 15420452928.156136 -127893439.46287373 -17296465.842207264
381763.3543919333 16382648283.81598 -124279326.8149984 -17357513.957674798
377417.008600848 15401845296.410637 -119939006.51463692 -17416574.87612618
373056.1553084113 16118790574.190882 -116268240.33663614 -17473649.760247733
368681.275641851 15075675068.950293 -111978300.03696664 -17528755.097024467
364292.87312453566 15441255789.409655 -108301236.06368148 -17581911.26700035
359891.4186946945 14269692511.369095 -104148550.36089613 -17633160.60551538
355477.3947106714 14721679263.67242 -100694555.65248173 -17682553.47388881
351051.2469331834 13684240524.370739 -96755268.5421206 -17730134.834412698
346613.435242238 14219935871.787579 -93468543.07143155 -17775941.268690642
342164.3871100359 13248565733.513708 -89671191.21812518 -17820004.12784668
337704.5467429823 13739631085.673916 -86482214.72824955 -17862350.63474939
333234.3280035447 12860438507.95754 -82827965.57450949 -17903010.800944865
328754.16009423026 13408181085.894518 -79750176.29961899 -17942008.878321595
324264.4447530778 12545118126.364067 -76182811.19033028 -17979365.577326845
319765.60082866537 13164206721.179876 -73201676.43376607 -18015100.60055872
315258.02020896395 12668967154.412594 -69787241.64835216 -18049229.19260379
310742.11412121047 13562480942.682661 -66843746.22842843 -18081743.614832498
306218.27832220733 13486593563.768688 -63434580.276028074 -18112618.981327616
301686.9364805952 14931018638.994522 -60424414.40895057 -18141804.20321104
297148.5098944229 15555058453.708054 -56848116.721451886 -18169213.76825525
292603.4649831008 17363092256.99515 -53411790.08178601 -18194718.429716974
288052.2876599734 18445506882.437466 -49342129.36029656 -18218166.220987543
283495.52031825896 20700901845.0626 -45295107.23702247 -18239376.53419307
278933.73916395236 22158293898.63464 -40484831.048621304 -18258140.808375616
274367.59085771826 24561438622.108402 -35546661.00037348 -18274227.052345682
269797.7675866494 26187912369.011616 -29813636.37982296 -18287394.04286177
265225.03660795715 28711938355.45613 -23898404.157405067 -18297389.99171786
260650.21598710289 30298597290.03906 -17117931.825919237 -18303955.5575173
256074.20263579028 32530553478.504177 -10102148.486894751 -18306833.886667266
251497.94303022666 33767907182.035152 -2279826.2927033543 -18305786.37537475
246922.4533691019 35514829282.12517 5724419.488730286 -18300596.24596706
242348.78850391295 36293925926.20121 14407267.337483771 -18291077.0278251
237778.05785700717 37388267830.31115 23206063.539297234 -18277070.884237345
233211.39518837412 37345994432.498886 32562529.33682505 -18258460.754560314
228649.96844336754 37634796407.52161 41825669.60690091 -18235180.900947165
224094.94424679258 36982742823.94595 51396185.83996377 -18207215.919212945
219547.498245133 36489140312.423836 60764101.233683266 -18174588.506908696
215008.78571583683 35148871055.334564 70220271.65400343 -18137370.24964333
210479.94651705647 33698018296.16011 79369059.05633263 -18095675.735754948
205962.07863923148 31478152181.30831 88347407.91273922 -18049679.366768535
201456.2347506503 29999880798.845528 96585484.08706716 -17999610.505271368
196963.3981747916 27815599781.12389 104630518.95323798 -17945700.227087118
192484.50605647152 26355208465.920177 111948602.00554673 -17888177.38452678
188020.4273073144 24330374512.62487 119042725.88179752 -17827269.71267571
183571.98521882485 23064489287.30392 125440991.06641857 -17763194.98366927
179139.9398301677 21455619974.973984 131608559.80286199 -17696158.81605043
174725.0116364251 20479724142.148823 137215737.8857943 -17626340.83706977
170327.87087436178 19313542339.44427 142626538.04965496 -17553902.554171897
165949.15729542996 18794887822.941456 147583967.61126855 -17478977.813746512
161589.47422156337 18201347188.26136 152430468.93776768 -17401671.891743522
157249.40877281793 18184280847.752666 156984503.08988363 -17322054.2829863
152929.5295280586 18260603893.120243 161510926.76156092 -17240163.140871767
148630.40453302703 18766415182.81911 165949070.16664404 -17155994.762781553
144352.60421766562 19371039126.276524 170488950.51557103 -17069512.77441419
140096.71481259417 20303812257.751266 175097940.9149498 -16980647.79091346
135863.34143584728 21478907515.49186 179879522.49122715 -16889303.74897851
131653.118343692 23073375489.646843 184850011.09204674 -16795348.939763617
127466.71650035538 24821512526.97405 190180654.4022749 -16698610.308830488
123304.85667850975 26863731036.747257 195874766.17131504 -16598878.995582592
119168.31425962878 28925804412.597794 202074405.6638849 -16495918.162009332
115057.92842058986 31206492886.501167 208734852.12676564 -16389471.353982259
110974.60275390555 32867049068.869797 216120413.1472947 -16279267.216726206
106919.31209688392 32297463173.138023 224478527.1686538 -16165059.484017076
102893.08315976032 36100329139.9346 231601286.16153193 -16046779.987254575
98896.92485988315 37935829898.14541 240166422.65973064 -15924226.696943613
94931.96490961075 -241748276096.10294 319561482.66400844 -15797047.303242601
90999.38835919662 102240394093.38882 173145547.32206914 -15682603.003589015
87091.64340717418 840645901428.8232 14124145.85926266 -15576875.767249355
83211.92386807861 -152917141936.02615 472619072.57886165 -15412232.866662132
79386.49007788321 -42772939489.66073 406861955.7795316 -15204617.661906814
75610.56516737737 5478840384.951918 384108619.98802674 -15009230.030284079
71882.81298330116 32649904905.19995 378686241.7241486 -14816172.69726805
68203.40467523066 48444373478.79312 382899574.1614474 -14620732.913296092
64573.36017018949 61104332348.13126 391844559.7362176 -14420226.003733419
60994.192787306696 70611509159.56746 404742236.47847337 -14212874.011363406
57467.81132111041 80053237906.93651 420032770.3448801 -13997291.83648739
53996.42155402492 88468807032.25197 437939949.2356875 -13772295.468516802
50582.52421188431 96787128893.06494 457975066.2427723 -13536769.105291419
47228.88290846675 104112016877.2063 480337831.2409557 -13289667.140031744
43938.52110765655 111491619533.25558 504517912.4127995 -13030012.116491307
40714.69109027447 117453983044.75603 530896929.17861646 -12756885.233709814
37560.87566326947 121758487864.39044 559180763.4027631 -12469452.82722258
34480.74388759904 123357255322.24615 589216939.1387453 -12167073.378142083
31478.09928956792 120531453858.11047 620758760.771764 -11849378.02416848
28556.79533823346 113110437242.83334 652742880.5420809 -11516443.435759151
25720.597229462644 100826236576.71571 684087622.0898707 -11168909.87897395
22973.03833929287 86455885738.82846 712883169.649309 -10808008.622069668
20317.268306404323 75091760056.85222 737335116.138741 -10435405.158133745
17755.98786436665 78043418134.35358 755367887.6318547 -10052707.489939129
15291.542750956833 -3177936055000.7085 1588769439.594807 -9660441.265296103
12926.370908686971 0.0 0.0 -9461869.905732375
