0.0 0.0006932016959655698 129
0.0 -1.5192428199796726e+19 81638891425825.06 25751726395.11166
138380.9334196336 5.359221129295892e+17 -84518752802516.66 25313027030.823463
272047.02740758355 5.6529995426748326e+17 -81796757855584.66 24451103688.219795
401164.60078248574 6.917950080716536e+17 -79438771024577.52 23620979437.53695
525909.0895233738 7.8918501976439e+17 -76244642717790.61 22827155293.300285
646495.186261326 8.216943098055287e+17 -72178527220590.56 22076096202.03504
763167.8077799593 8.094464807993407e+17 -67697208577450.766 21371553159.984024
876181.9598414695 7.624743139612177e+17 -63095108895288.586 20714111240.84084
985788.8471996546 6.893095747359653e+17 -58604671617155.7 20102060397.06122
1092225.0972003092 6.165586578293777e+17 -54509620258758.64 19531931533.143738
1195704.6311416489 5.241359050903144e+17 -50699797652396.26 18999511161.636692
1296418.7927005158 4.18794234775399e+17 -47317201351268.88 18500029697.131668
1394530.242947309 2.4530931435183206e+17 -44134496584883.86 18027776457.600933
1490168.9510710142 -9.75264246787431e+16 -40974007061795.62 17574699994.881996
1583411.0467075927 -1.1547268053157716e+18 -35817048814900.61 17125890938.195827
1674226.2633699093 5.369164719998707e+18 -77079306562700.0 16640921585.821909
1762256.241524985 -8.491440456339058e+17 -14812203677485.697 16277649121.508715
1849167.2552669991 -2.9674188376594534e+17 -22343631646589.254 16044897609.496939
1934695.7800443214 2.8019802096707997e+17 -27038497518835.477 15779057283.62584
2018749.7245654073 2.4913251896276646e+17 -25365874247393.258 15512739234.115387
2101416.045876266 2.2711247944877344e+17 -23908793523358.547 15261706231.097277
2182772.06011153 2.0989863137301555e+17 -22595867751195.188 15024425366.664228
2262888.2496759524 1.9809473020108493e+17 -21404514483295.15 14799763715.827784
2341829.754804577 1.8889128371548333e+17 -20290565276707.375 14586883356.698053
2419658.0524932398 1.7946880315714083e+17 -19224895216801.465 14385177677.221958
2496431.7635273105 1.740037811043205e+17 -18231124354189.094 14194108831.68806
2572206.5845063566 1.6825955940130595e+17 -17265220320138.936 14013246925.819729
2647036.5160073503 1.6311133216389126e+17 -16333386430281.457 13842268279.422777
2720973.7759374618 1.5596761022074474e+17 -15418494242268.395 13680858360.128656
2794068.984495814 1.4968242053470083e+17 -14546603420015.592 13528662223.34125
2866370.5448888647 1.4142412842141278e+17 -13697884273739.27 13385292093.326668
2937924.9097685055 1.3519107564930189e+17 -12904425293701.38 13250328009.81681
3008775.968896696 1.3077922031266723e+17 -12154247088110.982 13123351518.058737
3078965.6776610734 1.2096091657075725e+17 -11398724280954.443 13004055233.71869
3148534.6222679163 1.0889089265591766e+17 -10683861695213.72 12892028244.093363
3217520.341897377 9.467664391916072e+16 -10022336944861.264 12786638497.788334
3285956.6299014906 8.048755912229426e+16 -9437329907818.824 12687127005.289127
3353872.8683624463 6.269737175036435e+16 -8909219050876.525 12592673586.687635
3421294.0359019977 4.84011978205507e+16 -8495482179218.743 12502354802.610886
3488239.5901102475 3.2158802517285236e+16 -8148109711104.558 12415244121.360296
3554724.5518826726 2.0532150561673916e+16 -7912821716536.718 12330459705.567108
3620758.901427057 8245606141352961.0 -7736465321026.133 12247196803.472422
3686349.010719745 2181528363695732.0 -7659569994193.984 12164764893.198475
3751497.438713687 -4911280244708895.0 -7609732892503.685 12082634078.787447
3816204.8624274484 -6087843938924753.0 -7629801976587.2295 12000424439.556643
3880469.757687444 -8095795450014670.0 -7651725917287.133 11917897187.58325
3944290.2351836655 -4265754680415301.0 -7715811265296.572 11834960366.217701
4007663.782455621 -2814245276388049.5 -7746533878936.522 11751666590.44615
4070589.075663033 3878540500662103.5 -7797621398703.014 11668168371.287453
4133065.2414290826 8388167369236995.0 -7801012640102.624 11584700884.914333
4195093.483425458 1.7674897911327086e+16 -7805841209988.832 11501587614.264576
4256676.404847762 2.3718933912418656e+16 -7743340952611.308 11419226945.504368
4317819.4909485495 3.414774909777802e+16 -7671924418958.549 11338061572.681562
4378530.10269497 3.401631263925295e+16 -7487719848695.295 11258567168.89124
4438818.837547273 4.010162570336285e+16 -7337628249660.358 11181041083.144487
4498696.252175535 3.6351136251269464e+16 -7101982043478.234 11105655240.682459
4558174.791774405 3.995171746903725e+16 -6925991808648.562 11032477062.303257
4617265.737606386 3.405076770709214e+16 -6679595322686.925 10961502219.229
4675981.488343395 3.69918523418962e+16 -6512422570231.839 10892664285.592493
4734332.611348344 3.023111410833239e+16 -6277311174961.984 10825877791.78134
4792330.586724463 3.3255353205607868e+16 -6131110772639.812 10761032440.77234
4849984.796438017 2.7730029035406836e+16 -5922716731340.117 10698020336.725922
4907305.561001867 3.248408302531167e+16 -5799251732363.111 10636769257.847317
4964301.4861920355 2.7436584516182516e+16 -5597569903122.923 10577256932.796267
5020982.653164316 3.1799784118601188e+16 -5473581456969.129 10519474888.014605
5077357.576626748 2.682734645690677e+16 -5275980166251.771 10463403363.560635
5133436.125368844 3.2199096528144412e+16 -5160685160030.405 10409024766.963573
5189226.625026853 2.7479394038359996e+16 -4962296213579.309 10356350628.842356
5244739.068313458 3.5103207913332864e+16 -4855599145023.917 10305399777.843435
5299981.9832222685 2.7613108977520988e+16 -4626717342352.858 10256256073.62386
5354966.263731958 3.2810349145920828e+16 -4506262161926.199 10208923377.36092
5409700.4793334175 2.322593166172893e+16 -4278447246204.878 10163335480.041128
5464194.812436324 2.7748043801499828e+16 -4177939343773.415 10119365696.721552
5518456.471008816 1.749521137827517e+16 -3973735686043.1133 10076867847.337543
5572494.066417646 2.2555901485708412e+16 -3906916839271.726 10035676450.551153
5626313.0281512 1.0816813670587878e+16 -3722627345113.1216 9995641577.10135
5679920.356239516 1.5854175355263e+16 -3691570555047.657 9956570380.341745
5733319.407587688 4897112885485016.0 -3547496171084.4854 9918269339.990107
5786515.102402686 1.1847538545854328e+16 -3558529968742.0957 9880567517.672586
5839508.960461377 2466141910097462.5 -3444452961986.749 9843349217.004248
5892304.658545457 1.1478514206560146e+16 -3479630155832.057 9806544240.817951
5944902.962000856 3162232320339030.0 -3373259719996.8667 9770141933.098677
5997307.433085741 1.361553086956666e+16 -3412439405851.5454 9734162394.281746
6049519.053171715 4031556505621998.5 -3287773232414.0674 9698667333.25525
6101542.047721685 1.530508078731198e+16 -3326689080045.7017 9663681852.785019
6153377.667894541 5074469660253149.0 -3189469041730.7627 9629254740.626707
6205030.663490475 1.6343345523447276e+16 -3222755653245.492 9595416112.133295
6256502.609327504 4842087288530396.0 -3073128315657.628 9562195948.42918
6307798.577422354 1.6424298078892238e+16 -3109347424513.9004 9529587539.198057
6358920.07047517 4707317187158687.0 -2958125856226.3867 9497593222.040876
6409872.185625607 1.7167344730348162e+16 -2999786259072.1777 9466209105.311283
6460656.38374907 2789830589487766.0 -2830275021331.7563 9435456645.361702
6511277.992583349 1.4191525931900352e+16 -2876552224836.736 9405280472.494781
6561737.877928376 -1082579411545000.4 -2718214042102.62 9375594656.416962
6612040.44400217 1.0779674048177314e+16 -2787775128152.015 9346287376.701418
6662185.354835523 -4025030337616557.5 -2650293465201.2314 9317260112.082642
6712175.955807567 8999175029915569.0 -2741910202454.7295 9288427895.803923
6762010.997784751 -5217667986988500.0 -2617155294829.605 9259739313.846573
6811693.2735836515 7917020288621568.0 -2715774554412.425 9231159927.385426
6861221.163945883 -6757668400722248.0 -2594374469309.3813 9202658487.920187
6910597.1258506 7129159014498735.0 -2705310899634.6426 9174190526.114315
6959819.062113537 -7125366021013785.0 -2590402325608.21 9145733291.540058
7008889.185207877 8944803599241807.0 -2715047167820.566 9117276166.49298
7057805.283837559 -5890182696230388.0 -2587262743908.0156 9088871579.86164
7106570.133945449 1.079737222368488e+16 -2708587751710.9536 9060555199.027998
7155181.907564006 -3689095682427196.5 -2572721078389.4526 9032380519.106009
7203643.955564839 1.3790445904164426e+16 -2686474064871.424 9004411099.091045
7251955.13306883 -2648007714556879.5 -2524034340712.5034 8976733367.531834
7300119.719822262 1.4470770513608624e+16 -2630254259621.7114 8949377387.076935
7348136.894038716 -2678768391807158.0 -2460337576549.978 8922362802.90549
7396011.146597366 1.43244533118322e+16 -2566101831698.512 8895688726.766504
7443741.646165481 -3751729973249595.5 -2391991938370.447 8869350933.577412
7491332.83821395 1.4493477669213644e+16 -2510195926442.126 8843318440.301302
7538783.558425643 4704130092770720.0 -2379708363316.7207 8817596127.716759
7586098.304726705 3802651157401921.0 -2349585745601.671 8792428168.80171
7633278.537003454 -6687025335797684.0 -2272783685394.605 8767505853.274113
7680325.435375971 8461251665599407.0 -2390119100991.665 8742500248.024704
7727236.9245834565 -7597524669044535.0 -2258356891729.174 8717545875.662678
7774015.630502592 7978021092827123.0 -2382881013616.282 8692616444.441021
7820659.19530694 -9798706254883784.0 -2244483840762.8003 8667698000.504414
7867170.094906732 7403247016537615.0 -2389576111893.6016 8642726982.126596
7913545.288357754 -1.1119543875869538e+16 -2250258488264.388 8617686792.025124
7959787.073194048 6872299731524496.0 -2406693086522.4893 8592539289.448763
8005891.998560804 -1.277304753473734e+16 -2264196358833.617 8567269142.665592
8051862.1972171385 5260155134149007.0 -2429738567263.754 8541828604.798385
8097693.705157602 -1.297969742479137e+16 -2303457596813.975 8516171123.261821
8143388.154826101 1700564940307690.5 -2452092721129.6255 8490290730.795484
8188941.518085171 -8885611423164907.0 -2386067993147.717 8464084640.015116
8234354.322690514 4.6180183169723757e+17 -4963128882674.784 8437671072.504698
8279623.811069044 0.0 0.0 8424335997.470722
-0.03224596942174874 0.0 129
10855322.128037285 3603902208764.799 -900862949.0139605 -418848659.77847964
10750623.049932191 17454211548.680714 896499941.4799434 -418623472.1885022
10646036.551550204 99429097696.67348 880371788.7652208 -418172006.3929851
10541563.178130958 29237330661.0214 922771705.1791561 -417713237.21652347
10437206.035668908 147602566284.41522 900492513.7213758 -417246428.398242
10332966.03748811 43044926900.32252 963524686.4452125 -416768569.8488918
10228847.794439552 152679290443.4542 946879407.857471 -416278798.8094021
10124852.651172914 36353837913.08542 1014122188.6036516 -415776798.06381875
10020985.377127329 137774423240.45828 997857534.747139 -415262985.70067894
9917247.107934337 12028253862.316511 1063729449.2553918 -414738293.04134774
9813642.147430591 53805573669.70463 1056293112.2727144 -414204240.0548282
9710170.87135811 -235755225923.84058 1142123977.1775546 -413666073.48250574
9606834.960510718 974913598647.198 780563157.7732973 -413139275.9211371
9503627.05029956 -281374862202.9848 1338293959.2017045 -412566292.50817674
9400577.595353154 150831403937.2298 1159920972.8103812 -411949973.7582487
9297677.806003457 86757344833.55905 1213640623.8939826 -411341811.935188
9194932.393964801 149346194328.5519 1219681992.5890114 -410718804.5268028
9092344.069387821 87281001311.98564 1272528233.9203944 -410081044.3354925
8989917.49759145 151132946286.3432 1278384765.9686508 -409428498.64090747
8887655.405084455 85233020525.20312 1332636202.8330894 -408761055.79896206
8785562.513000831 140636522726.01727 1340092650.3971202 -408078843.77646315
8683641.483873937 73164102376.47221 1392113383.8449209 -407382518.43591404
8581896.710947504 127340976882.93037 1396859597.5601435 -406672833.89616555
8480330.479742592 55173816914.44555 1446730398.182536 -405950620.9211376
8378946.768172885 100309078686.79343 1449239723.3155773 -405217003.62263757
8277747.2997737825 25128690167.074657 1493106606.9849553 -404473671.0720261
8176735.20802884 70051699633.64903 1488158645.6291764 -403722500.6203774
8075911.27791523 4768649414.114804 1521988104.5863788 -402965382.8812192
7975277.697727892 40801543550.014824 1514173020.25079 -402203590.0390456
7874834.616431251 -25486661014.430515 1540942111.2823246 -401438949.7716828
7774583.308595541 11925653434.451138 1525219332.68205 -400673352.5634018
7674522.978061189 -41917280724.35551 1541659424.6543033 -399908602.70625234
7574653.997365153 6373544510.496175 1519110216.6982596 -399145726.85729676
7474975.057083484 -41186094907.05084 1532591827.5490365 -398385071.9366108
7375486.356314779 12714590666.467241 1508823103.3957043 -397626592.2565032
7276186.608476083 -20872609753.05472 1520397104.4773355 -396869891.6006453
7177076.210749397 42391365894.59517 1499365586.9572642 -396113700.69354045
7078154.511110197 6416094410.451109 1518954797.7525692 -395356165.2003303
6979422.833792037 68556933174.38829 1505025352.7723505 -394595580.003293
6880881.379222702 40809707588.483696 1529098383.458885 -393830310.1632167
6782532.289003186 113785880512.98729 1521057772.1594906 -393058206.61655504
6684376.837958751 76242472858.74297 1558885365.949099 -392276443.2606396
6586418.580565125 138811259258.76053 1562303360.332303 -391482806.10115117
6488659.898506376 101927730372.23386 1606221567.8213477 -390675731.44285005
6391105.128008139 161982056454.45425 1616688610.5682666 -389853614.3583819
6293757.453117872 131894003905.32281 1664700136.6286082 -389015007.03488266
6196621.933877161 197561232946.35074 1681254761.1028595 -388158037.0483722
6099702.690428448 182094210157.44733 1734505169.0131125 -387280481.25611717
6003005.894245767 263931702196.62442 1759566216.0422425 -386379202.92942524
5906537.233639891 247754473367.1189 1829584696.8533661 -385450054.95076936
5810304.9533844665 314644799269.56885 1874795082.6567037 -384488934.5794054
5714316.792904261 289986214148.90454 1959610327.2903857 -383492673.038977
5618582.5811630795 345661439677.10956 2018180753.447386 -382458631.505405
5523111.376832832 311515280473.24677 2113120786.157693 -381384871.92318785
5427913.977783967 346339364304.0856 2182284940.1589704 -380270049.061995
5333000.115219497 296610542525.80383 2281289611.611108 -379114120.56212753
5238380.608187075 313801321771.03357 2351135822.0188284 -377918017.7368738
5144064.722291264 245967259314.68558 2446532743.9572062 -376683773.70560163
5050062.26014708 242692388496.84103 2508835488.9717116 -375414552.88239175
4956380.905349788 164146517823.20068 2589135016.7414126 -374114798.46475124
4863028.23919331 150960690891.67557 2633462562.2177596 -372789622.9708673
4770009.389333295 76167417230.69122 2689893999.720199 -371444758.1988607
4677329.071522778 70135921971.00153 2710441159.554817 -370085701.46816003
4584989.665101223 10192763652.558313 2742956865.33336 -368717503.0642252
4492993.360994522 22090127290.047302 2742530768.597261 -367344285.372287
4401340.477607131 -15264761005.185448 2757390165.1465583 -365969050.5039693
4310031.704996733 18376383895.590935 2745165216.725011 -364593389.1568807
4219066.566318379 11906644383.177696 2751375971.264926 -363217533.38196933
4128445.6356187803 74451776015.74382 2738717931.6414075 -361839785.39085454
4038169.2848410816 99039355614.68307 2751182422.749248 -360456641.34750605
3948239.839731059 188846954422.34412 2753490073.5065455 -359062656.81860846
3858660.394108296 239419681806.64993 2788054309.916663 -357650683.8925266
3769436.8472277117 341590146908.0668 2822362325.7697916 -356211950.9918134
3680576.6781494822 387848252108.962 2896186108.6082244 -354736914.0530041
3592090.5575638567 471677607220.2388 2972181333.850217 -353216298.60911983
3503990.601184941 497578914386.5303 3083611480.6754446 -351641976.22604203
3416291.5434120996 552034213099.1687 3194378539.2888875 -350007090.4515272
3329008.927757107 547232765830.4719 3333570056.1662207 -348306620.25299186
3242159.998821858 563652223783.8656 3466256797.9837275 -346537463.04038465
3155761.8512192685 523477288912.56635 3617194721.1932387 -344698892.86952764
3069832.0924779596 503081999300.6487 3753145872.638616 -342792394.08663386
2984387.0751304994 432410806923.35297 3896566243.758501 -340821751.38454056
2899442.514595592 386534863751.0216 4016122987.312108 -338792654.9957844
2815011.9186451174 312412282914.0227 4131272955.3126764 -336712387.29570544
2731107.361965184 278733184809.66766 4217784987.013727 -334588446.31750697
2647738.6037796168 234257170378.7646 4298577188.219507 -332427567.98210746
2564914.3512349916 237079280601.78183 4356428722.118283 -330234635.7631465
2482641.9221234815 222372160443.77182 4419367455.294516 -328012252.37894386
2400928.7223951416 252577238852.9641 4467403221.58258 -325761160.4569597
2319781.6985748224 254387758586.21793 4530087066.208598 -323480391.6169036
2239208.740742212 292998990508.5583 4584024455.981648 -321167945.3840206
2159217.7955345283 307022683992.5796 4653759563.712316 -318821296.0302776
2079818.015737643 356551872699.4572 4718124892.203181 -316437154.69506896
2001018.9922135607 386116230713.4086 4799861554.217271 -314011550.31604385
1922831.8630311773 451229346193.7151 4880102303.353484 -311539540.78208596
1845268.6897992229 491609551508.0168 4982801751.677238 -309015210.2300965
1768343.5681484654 573753544820.7477 5085155347.552018 -306431966.9754832
1692071.8551180179 647894531240.0724 5210042876.865195 -303782155.16983753
1616471.4737844418 772708559532.4504 5340796659.064667 -301056009.4433141
1541562.6632615405 914850099986.349 5498418711.894678 -298241098.2154528
1467369.56163926 1101804078175.6704 5680369999.379837 -295320740.9334363
1393920.7472654502 1251439520277.052 5918382408.079265 -292274374.268287
1321250.6386095549 1615053886919.469 6140310956.5708475 -289080966.6392451
1249398.3284955486 1885287977835.9424 6476473886.963793 -285708447.9509532
1178414.268436505 2276805021286.532 6849869948.001302 -282117212.57642084
1108357.351594956 2585804454203.719 7341759861.41982 -278265911.4072444
1039298.7014542874 2950959638354.3237 7896852795.205346 -274110773.10671324
971319.0941101346 3258268954950.228 8557682775.331102 -269609673.54251593
904510.712479719 3544975188358.752 9300480609.851868 -264720594.18820915
838975.3392961781 3787778097853.9224 10125920503.879541 -259406418.3512821
774823.7135035826 3981635289133.1885 11024288439.216707 -253634059.98198625
712174.1587924092 4135473893767.621 11981118011.630985 -247376234.64527056
651151.0546192613 4241014213101.991 12988475490.801 -240611216.78539434
591883.5860948655 4185739781259.809 14062413415.389185 -233322799.2714781
534504.2352284879 3703521454746.8687 15229257092.939877 -225507841.27077827
479143.7573509573 -13778855789598.139 20525069818.705845 -217199927.6842967
425917.84411974595 42888301780525.69 2915767549.8640566 -209521565.1027107
374396.0677153142 -8010144667455.127 26359524259.494038 -200024316.87757146
325918.1851175694 -131191154329.39645 22387746165.919033 -188347728.67920732
280233.9731471663 3130130827600.887 21539723880.219643 -177179846.79048175
237339.33361747654 4168714250710.7183 22062545381.377453 -165824578.01987505
197332.04644634045 4943683883643.6875 22910875498.96179 -154013245.45019907
160342.33511621458 5259740335867.98 24067637767.558456 -141632530.3457317
126524.63183155972 5667232694905.65 25280548154.290466 -128614260.61952023
96043.24185826273 5833130413140.673 26655710010.38921 -114913225.77371801
69075.19982452344 6059332185572.502 28057266983.238323 -100493597.88566561
45802.72271868628 5898778185635.354 29612044190.572323 -85330876.8623503
26415.093684456 4891979004410.528 31338222768.957535 -69420960.74349467
11096.580433986355 -135152517543229.3 67567813146.8387 -52836790.867210865
0.0 0.0 0.0 -44391869.79501305
