-1502640.7257701748 0.0 89
1383909.0401376516 1.9320827479221282e-10 -4.302907760202903e-06 -0.9231200717324171
1368026.7444421244 8.486752858163734e-11 -1.4967547570269516e-06 -0.9031916741581987
1352759.4033674872 -2.5103870100030847e-10 6.821573446204697e-06 -0.881156889191023
1338618.6381526345 -2.5231157098319943e-10 6.524874815620617e-06 -0.8654917228824911
1324651.6556153991 -2.976016486459566e-10 7.647081345253445e-06 -0.860933758699261
1310863.5488279557 -2.0130025755887014e-10 4.771860888190288e-06 -0.8572126489666634
1296782.1455382998 -2.2163002089482084e-11 -3.6139158743345025e-08 -0.8682258155244966
1282006.3977799737 1.0306355684135403e-10 -3.2421741884107437e-06 -0.8883992289854395
1266578.8374458852 1.428171029975901e-10 -4.09991079366562e-06 -0.9097417187636546
1250737.760768685 1.5615197821543386e-10 -4.176695551512551e-06 -0.9260516091052285
1234663.6041431187 1.641454725734953e-10 -4.193929823512454e-06 -0.9335507448110827
1218496.3932284277 1.8044972010151096e-10 -4.356779973391101e-06 -0.934796051429374
1202340.2042807352 2.4243247585659456e-11 -2.76843735472639e-07 -0.9275974785217032
1186716.777374695 -1.3007774488340012e-10 3.58796813861574e-06 -0.916213663504278
1171644.526361921 -2.476623371479616e-10 6.225458250795991e-06 -0.9062963527591951
1156925.6398268729 -1.8034594597433194e-10 4.3898936312351274e-06 -0.9078729727831908
1141980.873983225 -3.2821978490553576e-11 5.416890504406546e-07 -0.9138646456059156
1126547.992504381 3.1370853361786827e-11 -1.089246638252705e-06 -0.923641631982785
1110794.077716623 1.8435655372678546e-10 -4.94186481585202e-06 -0.9335950922835711
1094510.186006172 2.532450093830582e-10 -6.378559944692059e-06 -0.9428122006033729
1077992.6821721278 1.4837148149590242e-10 -3.4777695056559633e-06 -0.9416312733531403
1061817.2720135057 -1.3749446871894731e-10 3.6600498149889107e-06 -0.9321832618790264
1046460.2489369409 -1.7913792355606026e-10 4.568199793011089e-06 -0.9261745007272852
1031263.1285418796 -2.6585285973465167e-10 6.518752617468312e-06 -0.9251122100404181
1016222.6210006279 -3.242954240709976e-10 7.707389209768089e-06 -0.9323410551580981
1001117.6217426641 2.6275854012229565e-11 -1.3552670660539356e-06 -0.949411185614706
984828.272207385 2.3955203778347055e-10 -6.626786881025821e-06 -0.9727044943654244
967669.4189631145 3.727022209180994e-10 -9.609045526623716e-06 -0.9916152916544931
949981.9940818504 3.752711919844059e-10 -9.306965215259382e-06 -0.9973628301185753
932296.0037428039 2.3562220176106674e-10 -5.446819840935938e-06 -0.9907130576732849
915150.5444116981 -2.6512822228869354e-11 1.2291222615098043e-06 -0.9731403341551172
898943.1972536312 -2.2559302193347097e-10 6.233109831029126e-06 -0.9543092308593373
883522.0760645043 -3.3756113178711626e-10 8.837273499770754e-06 -0.9367545014299147
868600.7974571936 -3.414107005255006e-10 8.59761379233526e-06 -0.9270160064414592
853757.0961811907 2.56270077209048e-11 -9.27275402215627e-07 -0.9286621793172251
837936.9435169672 2.2664726126086819e-10 -5.954587921571297e-06 -0.9380582775500925
821492.5498913991 2.5423088207386417e-10 -6.4655325278805095e-06 -0.9453065479528862
804912.8852045377 8.243997274317166e-11 -1.9748470249735653e-06 -0.9462193549585403
788771.1154396059 1.640806180552951e-11 -1.9378105438844382e-07 -0.9424043793212261
772883.6632342252 -5.407599895387077e-11 1.6787972861618428e-06 -0.9349161713897912
757317.2049535813 -3.2257908705009546e-11 1.0940210596598265e-06 -0.9244719510231246
741865.394267723 -9.78862562877391e-11 2.5818923211686453e-06 -0.9151158533816938
726679.8205760233 -1.1022123938300309e-10 2.7182230073222713e-06 -0.9116417754179067
711532.3982468651 -1.2633653221646602e-10 3.0268918594511056e-06 -0.9141126764192686
696353.6868769019 -5.871527313647862e-11 1.2325101516940867e-06 -0.9199419785471152
680890.5022985566 4.4630809259272926e-11 -1.3811101669760526e-06 -0.9285349882086341
665034.5897201616 1.1904732936798683e-10 -3.2379298466988653e-06 -0.9370043719418208
648864.5355727659 9.838914118281259e-11 -2.6191748771979775e-06 -0.944534727890137
632644.2985557785 7.12236241417859e-11 -1.8123296327642777e-06 -0.9488376824733941
616450.6668082583 1.800113604761266e-11 -3.770393195506028e-07 -0.9491268132024374
600405.1439181574 -1.311367733881933e-12 1.3633982339073038e-07 -0.9464643786437296
584457.9676488905 -2.7273330895764092e-11 7.817988013990915e-07 -0.9429820035689347
568628.6293666468 -2.2412373956094236e-11 6.326494923215622e-07 -0.9399061271313133
552832.1017327728 -1.8472403474685078e-11 5.093919232481239e-07 -0.9377096704527407
537056.4850708726 2.205510123419821e-11 -4.962255281934336e-07 -0.9363059401286221
521212.96078502416 8.375163466825387e-11 -1.9694441953562587e-06 -0.9342012688037802
505281.9524649586 7.20708421845684e-11 -1.6200727442564026e-06 -0.9290821631079912
489480.7465388257 3.4240847176275886e-11 -6.33840516694589e-07 -0.9221548016803304
473895.5637159284 -2.7555874186720494e-11 9.067041378698311e-07 -0.9142761415642733
458585.1290382217 -1.169659576621832e-10 3.113437203634991e-06 -0.9072241827771297
443592.4889958783 -1.385078254791729e-10 3.517469805641838e-06 -0.9021176727850728
428697.5610550854 -1.1656951005982116e-10 2.817278894587986e-06 -0.9017900308632532
413714.1553680671 -4.87525410463814e-12 -7.722000226812621e-08 -0.9063449305030132
398366.3112563476 5.7242862447409565e-11 -1.634813296461292e-06 -0.9131215966922961
382759.0116122072 9.66241246017668e-11 -2.552100791283854e-06 -0.9193723995505536
366974.2306241081 8.503708064517617e-11 -2.160856219870445e-06 -0.9229198356526886
351185.31695079233 4.5772921578724715e-11 -1.0803777870634731e-06 -0.9231649069273343
335511.2930156746 -4.3426308864536046e-12 2.220346111342464e-07 -0.920502699883358
320012.28247685754 -4.982838106564228e-11 1.3693511330144426e-06 -0.9167188910520248
304685.2931839207 -1.736172030399429e-11 5.650052405136697e-07 -0.9130913752744177
289346.5204412147 4.626177831449633e-11 -1.023819546662631e-06 -0.908859917588918
273932.49130319717 6.221412908547602e-11 -1.4183305404437998e-06 -0.9038698419722039
258567.02992470103 2.5618863366594764e-11 -4.759786036745092e-07 -0.8985593574961885
243383.72706917787 -3.2009491029621375e-11 9.449980311595476e-07 -0.8927233879625192
228426.6621976619 -1.1093155816045835e-10 2.867348412448646e-06 -0.8881869429193112
213714.33246306787 -1.3868489746203392e-10 3.4555809450190237e-06 -0.8862297374918886
199069.15612181087 -4.419396254198882e-11 9.536899981890247e-07 -0.8881433358895436
184133.25562756983 4.702361539094886e-11 -1.395730560403026e-06 -0.8937331601802095
168872.27172287198 7.459508665045598e-11 -2.0480095793838116e-06 -0.9006499820144797
153441.2660975 5.7126406704663765e-11 -1.548740817973144e-06 -0.9060141987778432
137977.93995033522 5.3642529793986567e-11 -1.4219317433603587e-06 -0.9094581636603493
122475.84785050394 7.547016055608235e-12 -1.734566218261542e-07 -0.9115994410385766
107071.64140840851 -2.8280017104415702e-11 7.540284003118623e-07 -0.9110026184798612
91769.46931488314 6.647476468054885e-12 -1.495062696112341e-07 -0.9097253569839446
76399.40207801695 3.088168550788535e-11 -7.541145986527283e-07 -0.9090890555824038
60984.36439123015 3.6194630142199925e-11 -8.51780598236754e-07 -0.908144363623982
45583.00622325808 3.5645707301339245e-11 -7.721884166521742e-07 -0.9059541183281454
30238.673682029585 4.103174323007545e-11 -7.801540743763776e-07 -0.9015456887030993
14992.422432583204 -5.712848964290277e-12 3.815324065146461e-07 -0.892800270348343
0.0 0.0 0.0 -0.8848024333446628
