-217441.0259128507 0.0 89
262213.35783773055 -3.556581011682632e-08 0.00011888382743517377 -0.8646841938921017
260291.75266205598 -2.4013966469549675e-08 7.230993034786028e-05 -0.9206593345575206
258123.85439041178 -1.3096530504446434e-08 3.0393377011267944e-05 -0.9973496922288935
255677.60052805048 2.6357627392103417e-08 -0.00011372587839374544 -1.083358391982657
252736.3332923744 7.092515932202909e-08 -0.0002624405755845631 -1.1670713403652515
249352.80091954436 6.360561370365424e-08 -0.00022986257942005927 -1.1793778336109093
246026.91772917088 2.5323977684388435e-08 -8.353881011270324e-05 -1.1635694906673015
243054.79534723877 -1.7267322214754442e-08 7.456857552822551e-05 -1.1182885331276209
240515.9277222993 -6.340130942113138e-08 0.00023764594280565666 -1.063129894676707
238412.44959098386 -5.386488734371766e-08 0.00019369015374841246 -1.0372477824354336
236248.9046644319 -2.3891476880713126e-08 7.98373323993227e-05 -1.0553782552883944
233798.58434139035 8.728851388990306e-09 -4.413063031249948e-05 -1.0930939259207504
230991.8621010282 3.910603138571634e-09 -2.9429314722629152e-05 -1.1524220549221074
228057.67858534007 -1.972413511334523e-09 -7.2163205096259536e-06 -1.2261955687761195
224990.05100706712 -1.8347062448103523e-08 5.1881682874957054e-05 -1.2967769066539456
221863.94353652443 1.3687932605392165e-09 -1.7696988170047398e-05 -1.3718085463735417
218426.72686906217 3.536876043737029e-08 -0.00013540819306366938 -1.4337705494015012
214631.33700449922 5.984993363994032e-08 -0.00021916343161678095 -1.4620672473566476
210623.89240591656 3.6198842711331044e-08 -0.00012576057683533936 -1.4612326733237249
206831.1003503993 1.9953775163084824e-08 -6.173249652230569e-05 -1.4275237468907964
203265.94339523767 -2.1039960073421037e-08 9.173911319763538e-05 -1.3718547911982186
200155.04737049164 -7.3748826236365e-08 0.00027261460155121245 -1.3003523352632527
197529.82555359043 -5.194641966211913e-08 0.00018868321458755043 -1.2888959090554295
194749.55558203202 -2.0248869188729624e-08 6.621471595029036e-05 -1.29713775447133
191680.38611951418 4.097696757869132e-09 -2.562917915765707e-05 -1.336189438857921
188322.64143945288 2.4499104132528194e-08 -9.910135409380641e-05 -1.3880439964574656
184697.1700020448 4.5543269653579347e-08 -0.00017129111912479253 -1.433577591742332
180836.44314892867 2.323215691783338e-08 -8.198069092699675e-05 -1.455014058888561
177131.0706459006 9.04155256066329e-09 -2.753437138904944e-05 -1.439577993804781
173581.45680974273 -1.502631700509113e-09 1.2849100922177852e-05 -1.4122120130121838
170185.983572989 -7.619669861990696e-09 3.5738399239833226e-05 -1.3763349676643617
166925.5839469937 -6.0878559357671044e-09 2.943491235911523e-05 -1.3381517478906302
163743.1851430563 -2.1364698171090598e-09 1.3651322288991593e-05 -1.3033390723702274
160609.25071031376 1.40791003473637e-09 1.9659361358999163e-07 -1.2748922959157514
157516.19329626294 -7.052281209860663e-09 2.9103889302209674e-05 -1.2487201521788407
154536.24963274391 -1.2923573516592744e-08 4.888904904621271e-05 -1.2327949780964502
151627.6891262163 -1.0790033392532974e-08 3.946286406722844e-05 -1.2253308439976336
148712.21355599357 -1.2386740805212509e-08 4.2310943614219775e-05 -1.225720595920275
145789.50081137195 5.500561066719355e-09 -2.2874142074855842e-05 -1.2407860642958073
142701.74480599057 -1.8624975743275478e-09 4.524209054778722e-06 -1.2540574710760304
139637.72858597545 1.5528294443726362e-08 -5.774457386744384e-05 -1.265302610056139
136428.16950929255 1.4250692871380515e-08 -5.1767257612223634e-05 -1.2693947432370503
133225.65983236753 1.0410472424392688e-08 -3.485126538244156e-05 -1.2671579095110612
130073.58406142498 -1.9687794232868747e-09 1.020835349233291e-05 -1.251031252816679
127049.34020064154 -1.7038783212482637e-08 6.403659645735552e-05 -1.2364050656322814
124162.36253111875 -1.7331994648035147e-08 6.362113946784592e-05 -1.228616535524013
121287.65762051004 -4.504915566221433e-09 1.539990527493229e-05 -1.228108613131352
118313.42073434938 -3.284070116713687e-09 9.93161731122347e-06 -1.2335296023293008
115311.10310183738 1.1991241666485026e-08 -4.620288322192092e-05 -1.2438086208938355
112171.3680594385 7.775549192533954e-09 -2.938058203075166e-05 -1.2548426217965387
109043.6093350143 5.1451827488997524e-09 -1.830049504808881e-05 -1.259168202700333
105933.06048239477 1.3507310543157986e-09 -2.9162317162130343e-06 -1.2564551083718458
102865.63365387247 2.195778063845177e-09 -5.009432742555398e-06 -1.24651711759185
99822.31608156853 8.59380040140528e-09 -2.8085198283074316e-05 -1.2316748617329452
96770.82478169647 -1.3768267780370388e-09 9.052843619566728e-06 -1.2150183182394374
93836.30153099242 -3.807930297462486e-09 1.6764423326554723e-05 -1.1954381866813677
90960.19279288211 -5.72344056974354e-09 2.3031113776450298e-05 -1.1817107555958435
88127.09395365947 -1.272061600861236e-08 4.8160653944276246e-05 -1.1716634515918432
85366.49937707697 -1.7895112990874851e-09 6.357421695236162e-06 -1.1641241138599725
82534.21138028894 2.0601551701680035e-09 -8.015536047582775e-06 -1.1651046286723699
79669.876037608 1.525918930648739e-09 -6.309359996429834e-06 -1.1673797479531594
76802.37551442585 1.870833720316302e-09 -7.247602246225317e-06 -1.170884552123332
73925.74179652051 2.937900714973016e-09 -1.0694233004039802e-05 -1.172797494818178
71039.42276276302 -1.1620192253206192e-09 4.9469979688455825e-06 -1.1724437321384005
68187.54065773606 6.62576381283964e-09 -2.3030203822454992e-05 -1.1690794854364095
65290.45270718077 2.588750682527421e-10 4.2174491033445206e-07 -1.1629643892860453
62455.44007165007 4.840105610905566e-10 -3.652542661746987e-07 -1.1562679200970787
59635.3735607292 -4.9140645746685435e-09 1.8148183648700054e-05 -1.149385462813686
56863.90753906229 -7.183755313406698e-09 2.5932431108599867e-05 -1.1487041523048032
54107.470910623815 -6.815085909501758e-09 2.3396942557793223e-05 -1.1506300368440172
51336.571062958 -3.4658307247419954e-09 1.0944352062813643e-05 -1.1583433335357738
48521.33970591267 8.860690704267638e-09 -3.388325655920622e-05 -1.1669286084867305
45597.31711530374 1.0513501038872486e-08 -3.865129364640581e-05 -1.1738239853234211
42652.09088151132 7.925008527583829e-09 -2.7929287545389636e-05 -1.1744205251721633
39731.65842109891 3.4932685683107983e-09 -1.1018287508955329e-05 -1.1689782469422143
36860.835194855965 2.0633172110923704e-10 1.8243750670688804e-06 -1.1602629128533968
34040.02876510131 -3.858768364690338e-09 1.69132465747532e-05 -1.1476536473422205
31280.81213152288 -2.6134088646899737e-09 1.2025929296427925e-05 -1.1341093791309924
28543.675183971693 1.0452872721184359e-09 -1.7341833593398533e-06 -1.1221453599001632
25806.98954227222 1.1925008070620655e-09 -2.2390280745211913e-06 -1.1119011075269267
23094.46564824439 1.6315449584335698e-09 -3.617441202316667e-06 -1.1014875243781903
20405.558697234635 7.742816109785512e-10 -4.3657120440418954e-07 -1.0899473135467224
17751.331284220658 -9.44016040950518e-10 5.822017048656927e-06 -1.078215433038445
15138.06596514908 -1.4025431765933105e-09 7.649480523201905e-06 -1.066671771846637
12557.224976079104 -1.3704916955118402e-09 7.262389440258785e-06 -1.0544094197193177
10004.499706590057 -6.083698323270452e-10 4.2345065529936305e-06 -1.0434645689284228
7471.555158698236 3.508563731281733e-10 7.172250583226638e-07 -1.0336675485627886
4955.54019490439 2.639970402744688e-10 1.0787956807578827e-06 -1.0238801557605597
2464.3289043637023 -1.1033715771098782e-10 2.40445491723238e-06 -1.0138814099666618
0.0 0.0 0.0 -1.0041082991660355
